79924323X
1004704267
1012251098
799256153
780782844
789001195
796689814
799012475
788923560
776723340
799157082
799220388
788432958
817177914
780781198
776819321
799265640
799344842
799220728
776819321
799265640
796732256
796935009
776724894
1011244101
1029330875
78828228X
799280372
799281638
776731831
780707877
817177078
1024620085
1025130235
78912467X
1011949768
1009426591
1014318505
1016188323
818698969
799014982
780708911
789027933
791600998
792723481
884858138
1010439278
102926130X
1029272115
1029270163
1015595928
1029263876
1025467620
788470671
776846248
865655286
816931763
777521180
796690065
777399237
776723340
799157082
799220388
780781198
788432958
788376608
101568047X
1010439278
1012493814
81735591X
791514382
799344842
777555778
776594141
792745736
789098873
780699726
788940295
795305923
101620776X
1012491994
1014319404
777555778
780699726
1027065384
1027063101
102557799X
1025577000
1011066300
774195142
1018492615
1016501579
1026003210
1025576748
1015680054
1012157059
799120774
1029919763
1016035209
1012156974
1012156931
1012156966
1012153916
1010440098
1010177583
81735655X
799344206
798993332
792745248
777393158
796732256
799219509
799256153
780782844
789001195
796689814
788923560
1015663001
1002886937
1020022892
1024607399
1024608913
1024608204
1024607747
1024609715
1024608549
1024607305
1012157016
831996528
1012157024
1012157008
1012157032
1012156990
1012157040
1028999070
102899804X
1024609308
1028989423
1028972946
1028385625
102779503X
1024895203
1028169809
1019423870
1016576471
1024895920
1029365180
1027932487
1023395126
1028096313
1027794688
1029913358
1016363834
102325865X
1024769860
1016305001
1024894584
1023485583
1027795129
102779503X
1024895203
1019423870
1016576471
1024895920
1029365180
820688002
1028096313
1027794688
1024607305
1024608913
1024608204
1024607747
1028169809
1028096461
1025170059
1027793959
1027932487
1023395126
1012157059
799120774
1016035209
1012156931
1027794823
1016723121
1016367287
1024712214
1025201582
1028096690
1027794823
1016723121
1016367287
1024712214
825825229
835083535
739269623
801007240
782582656
736429115
662508041
773026959
647424916
737673028
638226953
647477602
746488831
826647677
747404674
730472701
656180056
73781134X
755402898
641938527
719969158
74657441X
640480241
74668715X
751414719
739276506
772063656
719528526
735201617
716182955
665301456
768664470
687923085
815420420
688814379
830337474
729513858
637842731
666090793
632336498
867879114
786793309
636781852
845672185
688433200
647742799
680589619
638181453
85060771X
723613028
735214786
848740181
837931541
863832695
657045454
643810781
770734715
645231266
66986952X
684105047
809025280
721450067
883815036
654798125
775226726
660747243
733610412
685798984
641903715
853466327
642681074
644658738
626398525
687606780
720833337
869499556
627339204
847542645
627345042
769515525
745140513
662325931
769671101
795256698
737914874
625726650
665326815
749730315
720327989
729458202
752246755
689468628
630140227
642877424
684930803
719252962
655825185
623998564
672319659
744086752
622485504
626393620
720909813
646452703
719725607
736218343
769155391
766676560
774692855
65467597X
847206114
850622905
830253955
83801271X
740895648
821752359
824006313
684843552
87066591X
72082303X
838333915
838110525
770441335
773446605
882924826
657571288
856952346
644934557
749714247
626384850
664352014
663872294
659446464
675455669
670100579
636781739
640952143
835143236
835031721
736435018
632584688
870929038
749559306
64267437X
779175883
862968003
777003635
737508183
745429335
81243739X
796941408
648865088
840002432
647226103
620676825
750184922
74602083X
744897718
620139188
768522544
767101774
841213178
642189420
856608394
640953174
85898086X
869215256
880858249
799476986
726743453
68856514X
74605131X
732557380
725511729
737960485
769396313
647391953
778062902
657509302
722023855
63222214X
774680997
735277869
738187267
617367906
688386830
722016069
651733340
820909149
641068786
716658909
665449860
861814118
774605502
634701479
721928544
76817239X
835263517
800971744
789775425
666390258
773560874
771236034
718105214
799475688
719459001
830334351
832344532
861076370
839336128
869861522
685797856
726353361
843549432
725804637
642316414
619021853
749344202
859516326
634258567
847251934
81243322X
664422195
722214561
656898917
870056891
866106138
717741486
836143965
796357676
815225547
869500058
818842717
719972671
641927800
768523923
792644581
661039692
665585136
689804814
839768745
777217554
730641376
735500665
877712662
84420790X
690240791
729729524
880854731
717433064
755481054
83731836X
81884972X
667645020
817489975
74512836X
716265982
770162088
777128756
776581937
636062511
828818134
87014698X
721542182
71499149X
689373805
792743202
78892544X
866109641
637077253
656177721
717382052
647619342
641212461
805504958
830280618
766433633
682205850
656992034
740896431
82767287X
737449780
828404771
689466633
729002519
755276787
792446194
871288036
671652826
87026429X
669591998
687855586
661845729
671111574
777553856
642532745
66375609X
745273319
647156792
779977300
720729416
768138787
671619837
63013653X
639785352
775840858
675429161
625832248
684372010
721918468
773152768
622711105
672325861
675900689
870914839
735570809
679602119
819044156
871296837
655556559
72112917X
680562710
684086670
687939984
729362817
769148239
662134591
841190879
736533761
770100880
730142078
627409105
820607460
841231613
737842997
891052100
620028300
732057221
735812403
653934785
719396697
720109469
732412714
819838837
815306091
720535638
655961682
72032761X
684935538
720419166
618097414
654846340
838019676
736076719
858952866
670109770
644109769
688816878
644500948
733868053
766168727
64417143X
846377799
717743837
735675996
74490515X
792525604
683946072
619861185
718086902
831867086
863945651
859159124
728334410
660180294
627681638
74987676X
859505243
64410841X
848516060
846578115
796357692
68815090X
841244928
839997396
730759547
795263937
72218283X
641052499
64094728X
736698833
644842768
769550398
720827019
71740658X
642842426
747420939
720839106
668036702
664271359
739367714
729876233
773453288
770550703
647402335
740838121
890196710
729628590
779432479
699934842
630193495
813068908
73621917X
731843509
682516384
822089033
721576907
640807364
665458673
736268162
640472729
749836253
617015791
798901799
729946282
671780751
641328664
618789383
640675182
743666410
770862713
728673487
770459226
805507523
827375646
658122568
671192396
841160767
814434827
775213683
622430521
618789456
858952696
775213217
739269364
64738874X
766430758
687808316
830090363
633006491
845734601
733867987
743947916
640750443
636781429
641661460
725930322
886411971
747851581
745116701
776395793
734679998
734813015
718445309
630728518
845467646
732462606
837448484
655613285
689341695
664251323
745153747
619879661
65691565X
845374842
74406760X
632682582
725806206
68454282X
647451905
726433160
835472884
83537193X
655751904
664422748
630557225
644464712
64377713X
667352066
721347479
755559436
726731722
873369319
646240471
865502811
832639451
630192529
674657578
626960460
666504520
64390929X
774669780
798767014
817966463
641495587
746298773
718105397
775842338
685398366
812683919
749666188
721902383
729861422
728141582
835262200
817006516
685574040
770482821
838548946
684843005
646893955
860162982
728887789
683955136
672630214
684931117
715183605
722199171
724035907
658927442
85744106X
863986056
847857875
867666366
846317915
738391859
812952367
682449342
86164347X
688052800
815235445
722205902
720226686
630208298
776808907
63218549X
750927070
617384614
834456761
720598109
715009265
737450274
671659960
653929773
835261549
638259460
870912364
660940280
820034959
644766077
799760781
64747851X
654844992
735269564
635672839
717183467
688530761
775977721
830002871
631120297
641216726
665643780
778062546
657441856
717741303
685574326
835421740
861895959
756350549
780150929
778062392
669371394
665643896
779753569
822874520
634014102
861700961
747087180
83455710X
719933188
812606957
646495283
654204004
664277586
635441543
689817517
837181364
690194161
781524210
837838126
663391539
768554225
718583698
664468586
667699031
835474976
66799811X
778049000
749665823
715644637
787851566
664294790
766370089
768524229
647145006
618731253
735755248
774596600
865966338
684436353
622665081
738516465
626960835
631989099
840988206
667352740
72989729X
739744909
817338136
766580563
770129277
757449999
773798307
672634554
654802335
726442356
661597830
665444206
678373493
823986977
757197345
656874988
687790379
890187134
729118789
861804864
835472051
861992601
812576799
770971792
819578444
880856246
862715814
773026843
738050377
642878110
729458504
869500457
768524288
660942623
835373576
766433080
735724490
861670469
743954785
688369294
662120094
730901033
810612569
623621975
841165254
822190389
78123008X
662038762
756793939
835462684
656151587
769045103
861667778
734005423
72659038X
664325416
733824900
788434748
644400390
719122163
814187668
850975557
734374836
827467982
633009881
771918879
635692104
647127296
771925115
806829761
727076051
68436882X
639466567
638568072
856609560
863733905
770971768
719400120
675465168
740896016
689809301
819571296
76863475X
884810178
743779444
732413184
88085491X
770144462
743967666
833616803
809027127
768666961
796693285
768172454
766433196
819571350
873370627
774705469
861809173
732412994
835470199
768666732
847317609
863857760
82407601X
821982982
663678773
684379821
680590145
788387340
837937043
727449095
630942315
746268076
735486824
815370954
647748878
755498836
62533731X
619083298
686734688
867881992
861060881
775226505
68220501X
858810557
820464511
755314409
697270904
78152184X
833617605
77083809X
798165847
855920564
730549089
84657862X
855378123
797039740
638578043
837934400
71882007X
721345956
767886453
62701836X
824422473
770450644
774759496
722476256
618817719
720237491
74527286X
670299618
835431045
776392794
641530242
657466484
666568227
656149884
723735719
647155540
627024874
720580978
867681047
826300502
669992607
812427513
617483973
735318522
630012474
783983735
862069122
721561993
723890021
818344253
729473546
654086036
71912333X
718537254
809028786
687957605
847772292
644454040
