680553355
851734626
670201561
771613598
722006586
835284689
720822572
744899346
688357687
730738930
736019863
816101280
751346861
651766079
856959316
751434418
776431854
847164411
671884190
822340658
687059402
840987757
756603285
730673715
638671868
863181465
80531296X
68958718X
870752103
775896624
748884297
868585203
735485887
756506085
726198749
838023649
626697832
672750171
860143228
66265496X
71791447X
716257416
722149883
726197114
640959091
643971173
715589040
862076692
722409079
664352065
647550229
868586471
728984040
684797127
726586862
863969070
641328214
780076893
641917333
819408549
719308364
837930464
82046628X
787217204
806933755
679565078
656175656
868322970
750209437
856132608
83208784X
853803897
627848117
734805918
684383071
817967109
843548703
752291521
76997399X
746811918
737960345
661092666
683931660
742389553
832636312
641533306
766725251
869221914
664359817
847201058
860458962
806819766
799312886
716186942
717447073
72636357X
668478071
748718001
684434903
64095748X
731664140
669222402
749764562
638960983
636468240
719394708
751877506
717454304
868580252
724118438
671528084
684220202
679526072
814425380
747597804
771767668
687620325
775085219
859146049
859853128
625857186
641924704
662161300
726709107
75053091X
716160560
654069085
770145280
839754094
632067691
675459540
634979981
66232594X
734846835
721978460
77094499X
78015987X
751131881
730408655
618789464
715974629
664340938
852691157
768522714
834024233
646472941
654921741
817492100
644073772
642698341
847837386
679398740
665605528
813151864
77155351X
718583477
684377640
66075021X
832286257
68928036X
77522748X
640593208
67077720X
739404822
716251205
725921919
635920069
775226319
640339174
641641273
617017662
893333549
716625806
647394294
737562366
739836293
661484130
634342347
858922568
838197116
777054736
734374518
846582198
686688392
767045165
837375754
822080087
834728192
653794371
734803214
734000235
731604601
621185485
744896428
717462935
770450369
860630838
728792885
654678987
845717103
737657774
688003990
838195377
769732402
719058023
812551699
863300243
831850299
860173984
689809840
834023717
646449354
826353223
766156591
735318123
741272148
747275491
723538220
720744792
664498205
815433301
745281206
750458879
627028322
65480138X
63682179X
719794633
863190367
665232470
841412731
728138476
719973341
654380813
756678641
841162611
813129257
625326210
656081503
67009160X
73068153X
867080469
868728373
740897985
838749712
715931016
657945064
727053914
690261179
860780139
770711022
76821887X
796239711
812616391
737915137
777853337
746586736
618624104
663677017
741117878
640647073
690249837
717269795
825610397
635638843
640947956
689485859
637954254
717568113
66367834X
84677660X
641149514
833274007
730611248
769996523
657113603
684088134
792526775
644185201
685799859
739239031
745168841
71938656X
825937841
814188060
719091535
722309201
687535840
839998600
689541791
868724610
664253261
84724492X
749763434
715011286
657007072
670057320
719554187
783855087
63496402X
750209054
721109268
846226022
702821896
657065188
769855296
722178638
699889081
736218939
67297374X
858600005
818219378
689363702
809265346
620658789
857006053
745467105
860371263
729609820
767448537
661041832
670388483
730414639
856953725
635670917
735081999
750527064
77190150X
64293682X
675817617
768677572
659509091
84605793X
73521719X
612900363
658115472
68904481X
816585539
742461939
720419913
720116023
717776905
739363425
632025077
634607693
719550246
665286511
814186815
739803344
776337564
729731537
688279406
770548636
851404197
644768606
737510900
654917957
890869367
851726305
863220630
838327095
745175112
825541190
860144941
826311350
65610449X
85670668X
737335548
84536247X
687985447
856579548
737564083
634169440
672231131
835264181
788441930
84059366X
718285999
723755574
745126391
863238971
66457324X
638867592
833989294
642530564
815718489
789435268
715716581
817140166
678870624
659396912
828240124
661487008
75753130X
747593469
825610001
621230189
721347231
868668397
840896255
664805590
635905868
663616816
867095717
62043399X
867167521
654872287
634641034
741283840
719058643
805314679
720841887
656874171
62345548X
745200028
767019466
769396844
688558607
655847103
775843334
862683467
825542030
775689416
654201153
689367023
837993806
845629913
816880794
736429549
819706590
837297273
812883748
790908220
863032753
656076704
719727855
757125050
682452742
804987556
660751070
654085420
718081277
868667633
641727046
749505982
656916354
656170972
665453426
631850511
795263945
773852298
835263371
844202193
688704158
810707780
796357668
720844185
750972874
724298665
788615467
816492522
779442490
774761059
717563944
65617241X
622707930
668285524
735319324
739739719
648006913
622691023
656747927
672238233
815236387
728881268
781531632
73767296X
824436121
870130609
696794683
715299468
664293425
636125157
778722651
636824403
669990329
770674143
66070675X
745445802
746690088
623455560
656504870
734590946
687939712
679602674
826608981
729709116
834713780
687060745
867943823
67164856X
668056460
729544672
77313431X
755815610
715113836
687049334
684372940
736719180
734375247
647393956
718221761
726376256
861236963
836229738
661845486
785272917
663597498
622963090
667380221
727581546
642365733
777353172
72580646X
818744170
62976705X
757120768
648821145
859153096
833273515
667833803
797445889
729962466
648857255
629766991
653935889
643937617
627415555
746445482
749912804
858189828
642332460
744079098
618813217
664758819
743884086
689060904
631325239
664422527
863957307
838997988
76820755X
833479792
798641827
870659669
653802714
822231999
667647104
720346711
869023357
860179656
752213482
788491792
697282910
715707965
731514904
776200437
674622782
632810114
841160287
738001031
751123315
79915220X
832080799
680589791
869817892
725513373
767876202
677760329
816100691
735021570
722228791
65697592X
783857454
63005164X
631875379
817966307
724038744
767142497
749942185
671538314
688335918
826774776
641532091
668843551
729735699
646858998
661585085
745736750
729580628
620119594
837372003
660732211
832634980
812616162
641667841
746049757
715696408
74396635X
631107185
637843622
660948699
621087874
634957783
660941929
770698166
721553613
725397810
722478372
722209797
749488581
642201161
660171422
737282363
771920008
773149295
72952938X
867877219
752165402
82208029X
619077301
644372656
788764578
688055044
641926480
777417863
860524248
767938674
624672107
73548547X
715474812
618304649
785966137
773101136
797652620
683948202
667715150
746909640
715045652
68437238X
856473871
720858526
65422272X
667843728
746277660
685288382
726258113
737692898
797369775
720522633
757168892
755815769
626957540
807106801
815232187
682454362
863035124
767105222
717416526
716918226
634955179
786816953
73399377X
785184317
71569720X
726351202
767880579
843550252
751706361
841198411
860334341
688432611
686124006
770924778
774792221
662819195
669441287
837314224
625304373
626959772
770625061
774673079
851399525
670818372
749506296
755816196
729963829
725806109
871286041
847845648
735583463
644456434
769332064
719560071
786344903
685801403
72898525X
687689600
806817801
667685766
74888405X
721338283
659475731
742404633
687867398
665561660
675466350
840569173
643910875
775693006
632024682
757126936
749741392
771047274
837685931
657441457
855610557
848838882
746825811
689803893
624810003
766631249
715917269
836146336
727870343
715124331
744892546
815219342
727654365
737674970
717444880
684446146
623599317
833189352
773142975
663888654
750183586
749359986
715136798
644493208
738595683
642375593
690147449
720911648
837151724
679601910
630152330
859827976
738625663
817311882
729540464
640753418
839995407
731776046
777854309
736016449
766373878
622691988
728263998
678360723
767226801
660726823
630492204
730073262
843553855
870656244
729965988
775691038
800477294
767833783
837373379
751088986
81669026X
815273223
640469264
781366151
817714219
756342503
739282220
630059659
729713911
742468739
671537660
682906638
768684595
656067012
747074550
746143508
866293477
619915420
865192227
82682336X
721541437
81870053X
798549270
835400743
835880117
749953764
799018562
637727681
837304180
829370102
796340919
848338308
622691112
827004516
640479626
667987940
735187460
834705893
68946942X
781611733
745598943
785272666
746521898
789814609
770849202
715915436
848637631
686083377
623618877
685572811
647749149
669464724
732463149
716095262
834990091
782608663
735644683
689232802
75766265X
83483300X
873188802
769382592
665570740
641519249
750183063
719214890
663595215
767019504
722027346
725509295
615501354
767224779
715723723
616838549
867674857
838223354
718511735
631236333
640354483
767024494
789084325
73559208X
838023045
82746908X
832639494
663882982
856304646
769103421
834477726
641534698
823963306
769661270
730680339
632338415
870052942
720793173
717185486
715203207
756435331
786648295
828245576
665809212
616806531
848963989
752378589
756347009
729626814
82975184X
720913241
837313627
734091605
813151295
856643114
757405770
735127247
685205886
863825893
826991122
82710183X
630945098
796331383
83303278X
640591965
663675413
728651157
775703044
641324146
641639228
866053913
687856930
742714144
635679361
733923836
719155584
688583075
690222629
715940619
798815175
688057276
777696061
723342407
670091359
805358943
632187018
61858532X
644455624
78160205X
726656518
719258138
675466261
720850924
67111428X
733468837
655601279
848714954
723581827
673078914
857457233
81749233X
89333331X
767224590
627743676
837686431
656626984
829993401
675486599
741344343
840583338
689255292
724286764
821247492
86301982X
660713489
832189952
77403579X
846396513
729563596
624694267
871270595
642332800
769642330
644936576
63368810X
667648984
737444193
726066966
82930634X
751739952
647749319
80032403X
755998421
723973571
683934775
752381741
65673809X
747597898
720842174
68781457X
644760877
843549173
848645782
734804334
835477665
745602908
779699262
816575029
840988540
741201585
716658852
624580288
644067179
669407852
672621592
647381680
720842786
802910033
669595004
814179053
866516778
