817012575
656979690
636823024
659436337
856555614
665333803
729708128
844420891
819712736
833822764
73467158X
746044216
638107539
626997542
689071884
687535476
634707213
862388325
736439234
837384311
74090115X
776964739
853821755
821115685
769920748
812873378
738496111
82710894X
679705082
666360340
783962894
688567754
654499926
655995587
641055056
836313836
736734112
630991022
656173939
638578302
72754019X
731562194
756812194
621148377
66231705X
671437437
664294030
751735671
690135726
835262596
684758555
75112270X
720760399
619850795
722232071
84118870X
842183051
618642390
735644934
627850170
863330304
68465072X
71848617X
749943904
864004788
668287705
848086589
635335549
729429946
776830872
790795639
690225687
624785114
837891043
832345385
736014942
632186429
687674506
654909954
663632218
721905315
770567940
832079553
726361275
662038509
631004386
755387708
861846346
860143864
829995714
731633385
747593582
717561763
812613805
826758886
640226736
667862854
687860768
719526590
792631854
671699784
829752846
812609972
73638300X
833484117
865656290
641069073
718508513
815735553
642675481
654377367
71930959X
688733301
867881003
625832566
641457472
720912350
863022758
641210612
635691256
635714329
720807948
644765089
626958202
619084901
644412453
800325168
71850867X
746231199
635030284
833257315
618309217
65492063X
868998567
862525330
653783310
64233420X
684273462
715811371
825845971
640950418
715349848
799762032
655599975
684532719
642926190
877477485
684537990
727869043
870754874
720243408
846393832
656005106
768541875
73601618X
774644680
664329292
729726525
775833886
622692755
756437172
794144071
84896358X
833487752
734804059
688818706
767148355
734095341
815766483
71609794X
71742975X
722471149
719444551
870496409
682519413
751757349
664246516
658944290
654806640
688801420
735318867
745866697
845071157
688551076
64378909X
637188985
818220341
739808400
635569604
667779418
72973580X
630151792
838176496
827953968
664683029
667762086
643938729
654381208
768172985
780072383
73185621X
834221918
734375646
769768741
735670811
733742556
856577456
733460046
654992118
65893063X
647643847
736694005
634968165
647508141
689477082
723937443
686082478
684661861
68438101X
738541273
770626033
741117770
843862971
841183457
718693744
829366598
669989169
776067672
642181179
840667744
825609410
846728664
749608471
664572308
751123161
683227904
719290228
736078517
717184625
72193093X
733705553
663878004
826228097
625953851
644401672
868637416
787980269
641459661
715780395
690148070
86585601X
834626039
644908874
672208024
79632980X
627076599
720849063
747851301
722182031
747380783
821955470
639722644
620938463
622856359
733259847
833998846
747403511
819370983
734557035
653928238
646619667
672573954
656920866
746276141
85977564X
621079324
723700109
775148156
795249691
654421471
785967265
769999441
797040161
671611372
844220892
851376436
689205538
749914173
770387853
660748339
770706347
740896946
891052933
83446277X
817965246
735486182
771534256
644070080
730594491
729366162
755905253
632186690
644388846
743946588
735482578
641662262
865600228
736088849
741382520
798720697
662156463
722200196
865821631
82862254X
728974398
769850499
658121847
820550957
805166750
78592258X
689373767
812613384
740794205
667316345
63797848X
689343183
837756065
806866993
841187673
71609200X
687494508
84362521X
654866791
72577083X
654915644
720536812
889498091
689062672
84474168X
729281035
632338237
747612986
719669405
688817572
755556968
852492723
64476452X
637734866
769509835
620053151
689810938
729863697
666380570
644645679
83772970X
720849624
793949661
788442252
815349998
833027239
716004445
63855876X
796328846
722008910
65705657X
856976105
657052272
747608431
715936778
861689534
806851317
66957645X
730237966
771613865
661094243
817726535
816646457
656737352
823055957
72634575X
746290241
729443256
817801359
805621334
810647192
685231844
640994229
632795913
756020344
623228831
64201860X
635717352
857020986
836711440
856217522
875704085
642674930
664571123
872933210
74660193X
616361858
654097313
776942964
768994608
834480263
816881375
790831325
730100448
690120435
832392227
768466482
716235285
828674248
865925135
751122998
688581978
734541333
665801181
734805063
870616463
725776226
635666863
730627918
745463991
818220139
823269035
738204811
841164231
792631943
643787909
778728110
731283759
685801330
822342243
72217909X
747329109
788925059
815735588
736084568
666710708
769917720
687671469
870616900
635712318
662523342
813120942
728190559
65939653X
857840673
815423373
777357569
646926179
837930561
721577946
788835866
829995412
721220940
688565492
662819543
653590679
655967834
73715196X
672973065
66408933X
666178399
722231075
689236042
687470943
751409677
783242050
722206666
76658030X
736737871
689276958
716262320
816682054
668645601
715537431
623965933
73433382X
846568136
816509026
815224699
640951074
833306022
770625444
73073854X
736006699
750566418
777373955
84223618X
66017345X
664810489
865968055
647392933
629633924
745429254
719797535
774674040
779340426
666681031
831868244
657407356
832906239
757637329
729192873
665964250
729522423
672232685
831867531
747595712
641640404
715915509
719395011
670817252
673078132
799314544
719875935
685615375
729954986
78071735X
846474425
688153801
657425095
626655439
669027529
727104489
675908094
741339269
830272615
732553628
815601743
774479558
671700979
61736821X
67297925X
685795489
68767137X
625868676
775898538
644905808
622484664
690119607
715464612
728890674
640645313
729279561
745170625
641620691
869071564
72389129X
856689815
717416194
619020512
737520604
719309832
663111439
667645462
73733598X
734900260
624671682
622697765
863848648
642528764
749460679
770283012
627395791
625858832
689702507
857428292
881725161
671398814
863456294
817496491
750626976
637798325
803798660
746602901
661504506
647549182
722052618
72077120X
835043363
817497978
861086627
71749683X
623606968
769005578
659507110
679522409
74546808X
642372802
757529097
858599422
720418704
672748991
769026362
655558411
724893954
817009604
852463596
63230216X
729148041
638150833
672452642
777848813
685798070
665960778
875704271
752194410
619077077
689674929
663885124
742399052
675846102
827099185
729004309
685362515
644456094
756933013
733902669
837368987
623131285
84647817X
748731784
638578256
847539490
821913948
78651275X
680191445
736704000
676509037
669722596
719205883
863011322
742495507
651731828
732083044
718542843
834728753
654679231
722179030
867174048
63589341X
732707374
630067791
689360681
727630393
895877724
715712071
734846991
630928991
735721211
722393822
642674736
834048191
83493986X
777246066
865628467
820009903
63834459X
669834475
768262976
72221734X
737565640
75007793X
62758487X
63464081X
688155154
737270349
834080605
722154895
63780645X
647143941
636139247
749710055
838433995
773114505
666709122
834480077
770837867
76973779X
843873663
86620489X
769088430
664473547
720277485
68915710X
842236481
800347633
823352676
722529961
670791601
816220794
77072969X
756487382
818693991
716579855
773570810
720799015
664236928
655631607
689472137
720800250
670390070
654376956
731518136
716011328
831933879
665575084
728671476
616906951
840219334
745220703
640767508
823074722
654777187
642179069
634015265
734588704
749488506
662507541
865598320
737913762
723338442
847203352
654073236
641068220
662133366
657510645
630942897
870752766
672731541
641597002
719222370
844403059
654503656
739331981
647448882
674656563
660149834
725559918
716010305
799241555
640192211
642334633
634359134
776942573
654207720
634509179
727377728
846400979
841194386
728891883
832392596
831868430
63813367X
726714100
63099093X
736101624
829342451
727078186
743636872
636074161
770336353
860170578
824430611
719119464
716005905
716597160
825627273
654909245
736109161
826810713
735669716
840213107
656920181
861622375
620064501
810606895
751120898
833989030
781908108
730548317
643796711
741504219
654041504
832278327
733705936
614637392
67049237X
860300412
833495348
751181714
776715216
630784132
769732259
732554470
719031478
687548144
744092248
688805620
737082429
675488117
729708772
720327245
734799780
634033603
640253342
689274831
653783051
647978326
686650980
812613627
65704136X
820146420
628468962
837285593
83453522X
768545714
675472318
737929626
671437879
770494528
867038217
859930076
725999284
665971389
717590461
729887413
64396990X
830339019
826033202
744752019
755282000
729543153
722082258
637050215
72389096X
640607381
666567336
720794609
775981680
653804652
689808364
779717171
620352477
654683484
871269627
622692372
739962361
773927980
770743749
770331475
812425057
86859184X
731452631
744085659
839457820
776589938
719117445
679569790
719884136
769086632
834521296
663886627
745177832
689361505
789535009
840593910
729570347
719230691
627409369
750627174
866996311
637954130
718797396
836450124
861623193
776710001
636465551
640764940
856330698
665596898
776129783
858617617
821265555
864236549
664757278
856642126
719395224
834852551
797126309
858923726
749506210
689156332
724902848
723700079
727501704
642356491
667862080
768552699
835263983
749460873
636127109
822084031
851401570
744901200
641923333
654576599
688340059
689467893
822340372
632224320
862771080
774761318
775897965
723585652
86372079X
775113476
793141966
856974285
736268189
664272681
850622670
656551291
742252523
672629585
80292672X
770135412
825554616
739693980
647391686
826034314
748880933
745183964
848962982
767105028
774758619
792632095
721128572
665802870
750209607
630134049
71600318X
688336523
730609987
842138404
800993624
729571548
840925212
726197874
632793570
719265320
631396861
729857948
715350323
745169961
830326685
866815988
858802686
76816656X
749506156
729860590
667758224
829991247
755935349
633720933
77705812X
736384480
716425319
79432892X
719296102
780320026
64080439X
821989367
669470503
832276448
833367714
816879745
738013188
768585007
834585456
829074716
646500988
867171995
856952958
780717244
689470460
76902727X
663111994
629630135
83327371X
724934499
742689468
621033626
721918832
726094625
833963244
828392293
