718230000
684087103
729470237
653868820
770101097
864821336
644766387
747851743
747330379
62665517X
847219828
739340603
737812621
723885362
670442860
660767589
791651010
749942541
890870446
837370310
757415369
816107386
717455645
817495363
665558082
680549323
654776725
746511205
745153852
750194774
671099493
716176270
634964518
670814369
847787559
843874465
809020807
733921302
848716558
633002445
798602090
660732424
775691585
683493841
644181842
83312188X
798719974
824431790
68781958X
679602941
726367095
835059154
82700835X
627763782
835395111
632017767
71878670X
820604607
786136294
648831256
663102189
654422370
729595463
83737393X
690232241
657130257
689494319
643020276
82481150X
726197297
665515944
657111279
719445108
734954069
744071801
746006527
828829187
736598650
689493630
718713249
804996156
730550028
805471065
729340082
890870829
869864238
726385441
685794849
797738320
640947549
728265559
83297563X
84749117X
837317312
66849851X
821784811
782719988
730896374
637735382
786817356
840206410
778434095
643398155
728579286
789083809
834042045
722180691
640956475
687589630
818750642
816849412
688030971
660179679
835394247
629782717
736080643
638281296
737128372
796330212
689575947
768633893
647460459
679577351
682925276
848305566
724867627
715476343
663875862
668634812
838224075
638280745
749490004
634623052
846569019
833274309
824464990
818218096
65617871X
648829820
781537789
839163703
857140833
769998763
720772842
730517101
660765926
745851215
645272620
82858446X
655223576
829994998
641326270
774677759
680564209
737348070
633001481
642363331
841262780
715203738
621466166
856474940
728887584
675796814
629659117
721957544
639599559
668824972
632222778
729551679
847312046
868586676
769083250
723892075
771045905
729335615
734871945
776801821
617933278
718171101
630209359
730094545
65596598X
662301072
734430485
820609234
798207582
890871604
73480377X
657113158
684817578
846378574
770635865
735318255
662348540
642842213
621131814
655189262
728476800
786058838
661036227
800435982
798977116
863011926
800325532
724286454
667382372
770001041
770078222
654909768
718449010
826227090
803537166
769641806
645270229
793137721
665332602
688712223
669157236
721577563
848710886
635625482
835896110
715987348
770709826
730527239
665573189
662313658
638365899
697265994
671114557
742063348
716575566
630204381
618733795
74722322X
771554869
782604013
805451277
735217475
643992022
642344337
846777819
826769438
679434828
863535461
837930952
826309305
653931964
67203896X
656553863
634201077
746236158
739805134
751161039
780433424
769325114
786353147
738612499
632323434
756931479
845591886
743968085
866225374
865906033
625310772
722181167
774639784
662119452
642356580
721346774
728983753
725518227
837359015
828810257
728897660
833823094
749555114
868633453
627409237
857830589
627502598
715815326
868608653
736019847
780034201
79682147X
717914615
665809352
726351369
734951787
625846176
680595082
716629097
616494726
838107176
618307281
73711178X
680561919
631003916
680184058
736638059
669869368
742474216
834831163
719219426
73075183X
630529434
88299641X
856741132
834845571
636598128
688737552
682761443
72041900X
632796677
63867381X
729857425
654920303
68747891X
722368062
717896978
665334230
67161617X
861662423
646495968
646742426
795263872
718818903
685543404
83396920X
773799079
654660662
883073722
766234746
727844075
778687651
840593090
773570799
783962460
768518334
738085278
668193239
622691503
620063548
815339038
864007337
637566742
641998945
750530499
664422683
773570012
838453511
730398374
739409433
641665563
720805864
722951493
665218524
866806598
687688116
721130771
684253542
637981928
69021863X
82882018X
770367607
862388201
664295746
641213530
749767049
893726885
861373138
82743183X
832654701
657131768
719404975
667861041
738466255
63634651X
780590694
769367364
736429298
74397865X
827007094
815302193
662349288
638202051
845731955
665312687
858974843
651696747
651697263
636195899
688335837
816920699
725998938
666176299
893979996
641927495
827015380
771902247
859892999
780148509
872207528
683492357
635958449
767210220
735464391
62964120X
634330047
671109367
751289418
641973403
861673662
637701844
719676711
847244059
638347211
749607807
689260954
833485423
840808305
717747425
656578769
738525251
83398893X
688816290
661066789
665958056
746531885
769972683
742270742
655148523
731868978
835403858
868318256
732553962
637188322
679523243
73380893X
77600171X
670797200
626656184
787774332
642995869
835329003
729374483
657408433
815361769
857436848
751160725
647739739
73523101X
750208678
729703517
722015666
642682593
813129451
631322450
841182914
729956512
675483492
770984258
817683348
834085828
820145564
689176635
789525895
739404733
656176202
778192083
626382025
654221200
845723685
668032707
679396047
74971381X
751415014
779214714
833136089
669440248
805470808
719850843
644263164
666505365
674651545
686082176
848529790
622753851
66922054X
845702866
684432250
739417355
729164004
66103836X
746299192
863630022
65556618X
829304851
668025190
664252702
84679067X
688169678
688054153
662318234
689519273
723778957
715987941
766374114
62776293X
690098081
668050489
734090781
857208055
752379135
71510182X
684846985
726438472
838324657
634892924
664653316
775843679
840668732
773973362
770079024
757116825
865923914
68554012X
690255918
72291671X
847312860
769834116
826834736
866202404
688052606
660712717
727629468
833647245
818735902
868660892
866827617
654478813
887592392
640967159
726203203
65174878X
833115022
641611056
717178293
824606620
771553161
834528029
717167216
664502253
687621984
735717990
656068868
71569006X
740898639
831841036
635716178
640802605
842361669
728267306
717179222
619981172
834465787
845449125
702965413
815223021
630205035
860524132
720824621
771066295
656889217
737356995
631853944
62965915X
726892688
828829268
741357399
723996318
690135475
768676525
834566052
717080684
785830871
656067284
825821584
734425430
757194532
868708968
688052290
677739206
622728202
682924210
776801090
747328293
623745135
747568103
689148585
687578566
715201689
845686550
626591775
654073473
840213395
617118809
841180598
863837506
747822433
866407871
634956035
714993212
783241445
643803270
618789405
805311602
746609418
779698525
722019955
822208415
630492867
623621274
71567935X
631460241
877452725
770334962
662312155
835307778
815427689
716623323
672446227
64164616X
662506480
689522975
643938974
65675981X
689065299
656577991
68769678X
646477358
868658561
64076813X
642400679
748782486
728592940
830111492
630728674
685546691
64440308X
745157416
859903168
775844136
720112397
660713721
739721097
729933229
817311351
643993541
625457196
834479109
778495329
646489380
770348734
628475780
632120029
769642241
718145895
641607350
741146622
641457103
830206612
699936217
636782298
641327404
78876487X
748880674
654357625
642354758
735201927
729282988
816690766
734870094
83787856X
734986076
767872576
690175396
618440577
749605626
715101919
837926033
66449126X
739844571
687814359
735590524
728903709
66803548X
627860648
862379652
868590630
778434397
735477698
863231756
856139424
771760701
685573133
839966776
833186582
856462373
715519689
717985717
684331187
729506673
62733847X
667981632
689468903
749837322
629519641
644651792
664207960
870263706
68395752X
620137819
644412690
745850928
685562018
860340856
665336411
770733581
86180094X
737596104
815302096
723983607
824465466
832574759
890871183
63608261X
627760627
630463182
725805978
729640884
666097623
623167670
634106015
640952623
839999771
730435180
728441039
834467437
651726336
756457971
773386955
632577975
660949024
825531411
718593375
63951247X
792720202
859277003
719532272
751107824
841192650
832255076
717564266
641459920
729040542
847201619
846741806
727870165
627145868
657407704
719120470
858989115
670016500
736242031
720793920
832773832
668904844
746283466
630002185
672987856
63094752X
72952082X
841234213
785886516
717984982
67039064X
834854309
774700815
817147837
730233545
767124758
655490728
640955827
834705060
632022582
685203573
859510522
661537889
72156464X
68880487X
71755743X
735002134
637454529
635941910
805315810
828829349
735459959
871266830
73745962X
838226027
861272854
64649676X
622456954
727578103
672329557
689212151
738399876
821084097
717166465
622701584
663677491
685175324
720826365
728987287
62948564X
690219636
655754938
742279251
630065101
729192946
661059677
689468431
640806953
865945217
737822309
660730383
715129287
773446400
75238189X
726350729
736699171
730547140
690252242
642356521
616123892
641722583
828819009
747597936
841228817
837688728
866419551
752161148
747592853
771920350
822084511
726673021
866402217
717914585
687491134
747594880
842231072
718508831
845449648
679397167
679396829
726366773
730434761
827150393
685387690
719397065
746655312
687869390
746988605
845447394
72216212X
684369745
689493142
642698139
65740828X
685797139
614608252
665335970
685374033
720909171
748718036
867796561
830091742
622420089
77282617X
843949538
779671708
774759690
714986046
865498555
672246457
684703963
732408733
777096056
642187096
786058412
665335156
846566036
688567657
755675932
684784769
679579567
746020333
822180413
640966098
724234470
835057941
72489683X
622998897
747592748
840892411
768209625
821971638
656657685
830273859
832578045
773446362
863012612
77339138X
720846250
719854423
679397418
81898032X
716574500
672626837
812613104
785674551
647478811
867860383
749581867
728971569
629820929
827148399
817464999
799476692
85860079X
833150111
64284237X
677747578
627708668
833486632
862760801
657467413
654654484
834301474
688863566
665461445
829306005
622964518
769912397
669428043
846376563
835095150
751737038
74690598X
668064013
66428289X
685798313
853809003
816645922
654381380
770475477
746597282
634267124
635894955
719968534
690169205
778743349
768520401
862379962
827350198
733999514
749373911
627397050
833193465
770103340
730538389
849711746
630945411
722504241
634330926
833832549
660712903
859179214
728878348
768522730
68880876X
682496901
668143258
635905302
882994670
75693334X
669026735
625714636
