730448584
720941199
738785709
72551101X
780527321
834574063
66230778X
730760618
862664896
824079175
786057122
729138526
719393930
729056481
83265213X
741375818
817802886
720816777
630456208
684538881
664422721
744086256
777105306
76826197X
646232061
828239371
655935983
722549636
640492118
812433726
81797508X
660942801
739963783
634964437
75555745X
68558948X
798856858
737842067
728506858
688335683
664840167
637999908
615584632
726658251
64764777X
857301012
770743358
730231941
749879351
634341693
636826562
796822255
736683100
770082505
728128098
737988266
647625857
723917221
630185662
859152731
767235223
849710987
637714555
720841224
740896911
793158133
752173510
834053594
77459697X
72905487X
815348169
742067068
631927514
861871235
679580646
770364454
859755762
715005588
643793682
755685857
807116955
721346618
72960490X
840913419
719933447
68854116X
635568497
884024512
672624540
777392437
826741932
641997442
782607349
805302573
655846565
729747999
84724427X
768262046
646497774
729579921
720919525
728978849
715647326
715975056
638281288
727070916
788079247
689351240
749595280
746966253
766691594
619910151
717571742
730751287
64724523X
775705470
726197637
719911931
806866144
746022131
656875496
670016624
667840621
868831719
655734759
730399214
729900967
632800909
680554114
835885550
747284032
715099167
773446508
667460020
83292668X
718935160
727842722
746232381
684385503
685387461
828652104
86707924X
689363915
634598341
75154289X
769524443
747845581
829745068
849546877
738459658
822342553
868836974
841228256
654504016
644412879
651745462
664286550
74629011X
866665285
731282612
634934023
770482201
826841562
626583438
638208734
684534061
789627973
688525067
775787825
642365598
688150098
64192495X
751883883
864199538
786845686
734000375
770811019
739834495
672978253
684438348
750608625
668157712
856894311
74971154X
782026222
837733995
871014009
788635719
644373431
674624580
860011763
664341802
668283246
780053117
84563898X
653935307
670911577
723327378
687986699
647425513
721451942
747405697
736252401
724879862
853806101
736397728
82862335X
832926086
88402394X
631988971
855603127
773126783
789671336
630050333
835350711
686647114
668145234
858956616
867007079
635288575
685200671
63419755X
684105667
720908345
752218190
822083493
73556485X
750073233
662653882
729497283
840890281
68721159X
791043150
688280498
797039880
834081571
65575136X
633688231
621451754
654531579
769752411
663930138
689704313
806951052
631459111
716580314
738219231
665809034
646469630
67774613X
717567230
722199902
647433435
720836786
669465054
81940540X
716121204
77475835X
734871643
75529209X
773569979
84097714X
687547660
630018669
632678259
687062713
640491766
637846389
75097303X
73851604X
797239146
629685487
687490049
622411934
741285738
716360586
687986486
720916518
635920190
639467172
643808078
866225595
835384020
735745773
818218304
728983435
66816302X
640626599
840668260
663678749
78249403X
86014187X
687977126
641328990
786453699
721961339
769183808
64446447X
626265932
618838694
860143635
788078658
769732755
869809148
750277548
679517618
856430633
734375409
848467779
716626489
842138749
773022635
839767676
812422333
815370679
645926906
868591211
746532148
636309096
687983991
738513733
667606149
688261760
845123866
669464848
73345948X
641209509
815792484
84115984X
687960061
770100090
640790410
657444723
774679492
719552044
67262866X
618749977
672527065
769642195
821860666
834076225
663596114
832075914
680553894
675453550
770743455
687815096
717582922
627081223
624694801
831932473
766219038
838019269
769384676
775913189
833189700
734614500
642401071
818219823
689205317
629658501
862397499
862638143
61737628X
682755974
689364903
723722757
656178965
689489056
636315223
756516390
836719891
744070554
66483731X
635714957
720113393
749765569
773568948
848964357
642925526
805505644
766582337
64741225X
696793059
720699959
639439969
679395628
776482165
82552427X
739270354
733702694
862944619
715047965
757458807
866186212
833542206
645274038
667459456
644935936
624737993
83736941X
800466594
653786557
845108883
796729301
780613929
726439746
861079132
735574782
816952833
746324871
734799926
82680800X
630784329
734374224
728290944
715649701
790561891
653795351
651759986
82812308X
779693655
631006850
843633298
634506943
724249699
618747443
848459814
657576107
632533943
666385998
729301893
635961660
638256623
868713929
851401171
640955487
620021985
748782664
616891229
783906099
773011366
662828909
630205469
634493000
685193411
858172054
621030848
84141050X
639586171
729383873
631988629
672977494
774674431
739414445
74987662X
827013655
781541212
725930055
657048100
718087941
751108553
747074739
642675171
618534776
722166982
869230174
77702070X
792631684
63504529X
655973311
72764825X
640804055
653867794
726232289
737334398
620036486
818217626
643980776
861800397
665453086
73926477X
83401999X
834610361
772773122
852464614
719717434
68476492X
715025902
718707621
688339808
630909423
830329641
645822868
670458171
817931732
728207931
68838952X
725946237
746230893
847200345
736373853
727036637
734613628
74723664X
746024010
655558721
683946919
632809736
718208196
718798546
870149652
654834059
742096793
684537214
74960722X
630967377
748758305
732453674
627850642
755781457
720763452
773453792
735587418
627021743
627570631
636826015
640488714
718785592
830328645
833472836
647462133
83011453X
688865305
826739954
63821436X
644554215
687798167
827580754
832353809
721359531
737443596
835282309
832753114
847289036
654204365
771534108
647393093
641147643
67005612X
73519906X
688677800
747227756
654029350
625293835
680184171
718145259
642527253
63782346X
79895230X
816881995
718042476
688009425
837378427
841238200
672346222
727055674
641920563
739835637
756441056
717411850
73940900X
867942754
645232394
787353248
690226675
820017523
841161666
737651156
686143272
767210719
833542370
690248245
688577717
771625294
741505959
775085421
870176919
654022941
786878355
670520152
870123858
862770807
820562718
68833959X
776392247
658949349
656240652
659506386
718088093
642529779
635711060
735450358
669155764
771755325
653922590
848723473
840973438
866407650
770384595
747084335
830327819
665454732
664866670
749714859
857005847
662136837
656162961
718305493
721901689
799022306
774257520
777217503
860139697
747569460
723892466
645276545
719955963
774643412
791794091
81799775X
633001201
815219660
863216064
668160071
782705812
84065345X
827935927
665474628
827097476
684376512
766741575
749876212
632280727
715461230
658927531
780162145
641460961
740793926
72336415X
639729509
622692208
805007571
813258634
774596163
665578407
749582693
746812000
755982762
866997253
847952851
680560874
633773700
787776882
72084214X
668855959
647460017
719568927
789275457
767222946
622692194
720668239
64237533X
635043343
818020350
848046269
780656261
659475324
618743464
715699865
640588239
840002548
664340490
665013167
634559141
869408925
654921717
720858917
718307038
667458700
635704765
719468574
642926565
80046947X
805017747
825724317
718542355
728999145
863298974
733895956
835535673
647397218
827365128
778423778
859699870
774701420
689359500
773797432
772069921
847210812
726443824
665526857
657601357
755435486
785714480
816154937
66232613X
833001752
719729386
853467447
745604102
826368050
66828398X
654777810
832962147
687128145
856975370
779806697
821967223
686636007
630728534
723890293
77086466X
641018339
664357539
662309316
730538451
727375598
686082214
689817924
726005746
687566436
671112570
76615646X
752380346
689811632
833822373
638108306
667825681
684665026
756682576
750555785
859529959
621181439
746041012
788760106
656240172
716005565
646483854
778550982
726581585
717432637
667863338
746022336
861375785
841410178
654130361
634847902
656235357
870787950
757549160
729854744
661482642
860335321
662119398
844430633
719909635
725324147
727642650
664292127
659439190
825691222
774276053
719257204
631849785
736016589
654067996
772375410
724036393
756022487
65812563X
66820947X
647476517
747580030
662135725
738515949
749594942
72849955X
664021840
830090827
714975117
838444938
665956576
817725180
640754376
641936036
724112162
69013942X
865194912
83423016X
745171508
635671581
633007250
66387856X
860300986
647392860
66152096X
805481109
630942382
837869218
770704727
630101175
688731619
634930311
730730549
834534355
81255325X
729891054
66617766X
840605285
630728496
79315748X
871297906
747321906
847020061
818857633
647392585
64253005X
849484340
62285805X
82701869X
820474118
689283857
733818048
686081013
770283233
797376399
68426515X
642187606
71921131X
746040342
666178151
668058323
815409036
770477488
666165777
667458557
814754384
85537487X
730526798
861501578
662315480
68953809X
774480149
717758931
756514908
826076904
826074294
718236440
729639517
690194633
86517170X
818668873
869395858
62770820X
62245711X
721068588
788916297
742680398
81956740X
798815450
746281978
729471586
664486096
737842326
630206007
781222044
690232705
672747340
727388312
857737813
769768296
819712345
72592358X
742475409
834854120
664471706
722395892
750444118
83292931X
72030377X
747077843
629636176
638145619
778432610
645289264
670056413
662324927
688560431
624785580
867878371
638212685
646454730
719445434
85743215X
734121776
721073794
669989541
862836328
617931488
746286082
670489719
620429453
866827250
767226496
81534810X
824105729
833198416
629524572
627572944
718131290
730465667
742319490
689270062
796578486
847179664
685293440
767873092
685797732
862638917
725519215
641622805
868302317
642366306
816571767
632066954
821246194
771011466
831939079
677760949
745155421
640252893
770195911
862198216
773971904
74629669X
775138045
747596638
621976369
66231428X
770675484
769979343
770100643
742574075
666092699
773798013
771057253
746299680
66017507X
636312909
720845238
837367549
685204065
880787708
87595992X
749506091
883576368
726090646
735645205
639469299
733604803
655607005
664422624
723719888
858953005
622693174
747222460
834081008
802523870
733270182
660179415
747074887
720824109
718168518
786301481
860176797
684700298
663596793
735476675
774515872
