81731038X
789525941
719397774
719579058
887692087
735478465
781814537
798976896
880363878
651746337
685595668
832855782
670911682
845116738
675816130
813660157
68471101X
644664029
690243138
644947780
756005876
665526954
828243654
725565802
619901268
63218731X
812347161
725570261
688434312
65593197X
635046733
654940452
65501599X
831941669
672729792
685385272
85674459X
866899707
675823528
727131370
775701912
684650223
715942654
684440601
71912073X
662324439
827150962
689473087
630945705
664255744
751344575
647506823
741285088
626957826
777055503
796723885
755676238
777881543
859507831
723335087
819426970
71572584X
777356953
832396907
634631152
781833787
648851702
769767834
719726441
867442824
72071947X
837283523
671700642
643381643
683944789
630323399
657387193
729054160
736004890
622112317
844408719
623455390
715672266
833988972
786059141
779666933
688714382
756724236
719315506
734587546
62531039X
863473962
66387548X
770958486
665325886
665015305
734882270
830337741
736532722
721926053
768202116
769645771
821262432
715718304
770683975
736388680
870576968
796724857
690252439
751907308
822880059
734588224
684028530
629520771
682995185
642204233
730055388
715352385
715588192
840787588
771842473
655954317
688335594
840574088
85969156X
847207862
679411283
815372426
66094104X
770497942
661597563
735277567
735798818
644107464
689492863
718058364
717589668
689373317
833655906
747090564
663107156
849540194
719405033
721954189
662037529
73756329X
838554083
637722213
869041533
64095135X
659505657
689274920
812334108
631462333
840788037
73497129X
687482658
729040771
643940723
634255231
688813682
646244604
76722390X
688370721
724115218
730538443
635915146
682508195
892922672
697242811
746330618
722589646
885665406
863957714
771552629
638951623
687684897
642400784
729199835
820966169
671761153
739326155
638153352
620695293
739411101
863004849
747111235
826917216
620353848
818619880
775213322
685614484
723318646
620023651
635968835
635002515
826112498
833479199
77614149X
665333897
86594735X
720766443
683945351
687537827
636767531
80703634X
627081827
644667184
638513456
663860784
688426085
684382687
779973836
815599471
770132901
689288425
643796134
817957936
774276231
833149326
664472494
677747276
641618204
737266058
832751502
777882507
857734474
641924119
822175320
729451534
64411813X
729602656
72629022X
642674132
640486045
830326448
746983387
820978086
826736599
735671737
680557504
756450608
720819326
657104507
728670399
726592358
84873324X
629767076
815770251
684379430
745155707
660747723
63855845X
655959122
683931547
794144551
806942827
820544698
71844406X
870576909
727558447
671436325
812964454
815808577
684219840
644077433
638772702
688961746
766579603
63825468X
672036738
617367736
639595510
633773476
820547085
720289394
821263692
721916538
756346150
642189226
737126655
644916001
840007213
74723101X
777882132
76669514X
73442499X
715922947
72082012X
848721012
742687686
678398240
637077695
668154373
630631425
738050490
730663574
647625555
728887398
648859258
618730680
668778741
770336531
875705405
755436806
640802907
71663788X
625953568
857350951
742698149
838096905
75663220X
634331655
729703576
627850324
637850815
831926236
622673505
735663165
796357730
667848584
767447247
796693870
663676479
856474835
663673674
729737810
756652081
833843141
836036417
684539330
770008356
863176607
688735800
667459812
896595919
740933329
690136560
781531942
689257341
656090383
670484970
851711405
797897461
644174846
719109698
730727858
750628057
837433215
84873484X
684088509
622376616
858789159
773451544
641068611
69008451X
662119231
715294091
684085933
616674031
741118262
823053628
796693781
64764147X
656102969
777240912
880718315
815777582
746461852
740931237
688434975
66477315X
641020279
742563316
638273382
746880707
728608537
716463814
817967656
736357823
642314934
749823542
663112737
665299958
657044598
868571768
742539695
747412359
735574464
83404708X
657572403
651747546
731284534
644669314
831849576
83980055X
634599631
744901553
847574253
892922001
638493854
621111341
719713404
730643263
832076414
735268002
655549668
730926176
665231733
777101475
618534164
651763371
660771438
770964532
669023302
776596292
77155379X
71615272X
72032808X
845698362
746888201
766178935
738496170
667980369
745214754
869024787
685174085
736070346
797039317
663114306
715347608
727377620
640625703
688714722
805167994
638368332
837931223
866996494
856305790
64738826X
726738050
749942835
668899999
672539284
827503423
796724490
841176760
777881535
631898433
857007580
73820904X
654799962
775704571
786971932
738210986
640591566
66702932X
64192769X
618729976
871264706
848850076
623455722
688861725
832916455
777882140
639439772
841198713
720840449
829745572
771052049
670096563
636773183
772574022
655495533
688734871
796722994
672254115
621082724
634347187
625311434
655491155
689274114
857555030
870175807
729869083
667698655
864008937
756273870
746616538
64299417X
680559094
815348908
684105284
735483280
654033110
668103817
860137198
730239705
738501611
631926798
766178781
68785198X
777882280
779807057
646839454
699924553
670509892
770134483
647129884
835056473
717252485
688554849
858781891
646846477
85673909X
774633832
858786524
785824367
630555176
719259444
624982548
822880784
621199508
647408864
723716412
641926200
835400271
679516891
672449927
687988586
68555094X
737562994
659475235
634361090
813070554
742558851
688534899
66425666X
729858332
747406316
729055221
83184650X
627859216
632681314
679396357
730918513
83273666X
730407705
65522226X
756558557
641657560
642375135
728126060
840113226
626308038
751391557
859784266
756020522
647458233
651733510
63590733X
777882221
726761303
641918968
667321047
63268092X
61713197X
663597692
672642409
845115979
656101822
750209860
771333129
643794670
644656379
797371109
810624702
834942623
641924100
730612813
736087257
684401339
684557223
657443484
826298001
654923728
644182652
62523295X
656004754
729554945
798641541
627500579
641446608
833209884
872162761
627486274
846585502
784263663
642369291
63132383X
83484785X
805482199
745433251
859259048
668286180
63205414X
857631152
863752160
720861012
88772728X
771338554
738441899
634708007
647627000
837868505
634497863
737584580
730682250
735797536
717441016
796722552
769401589
890375267
717740943
630084300
626997763
689544383
827362854
723595577
636595463
639470335
623752980
745139426
814441394
68484818X
858561387
807048771
747235139
625856465
656897287
732461960
822079038
833963740
646454633
727571117
66864088X
688815472
851412866
790562014
769059740
832085227
83291228X
68402439X
690135513
661502384
617563306
734624409
641321643
749942975
670179175
656080698
642532400
738391433
663884020
715957600
719881862
728356570
718287312
768520762
743686675
781531357
732458250
716634309
687539072
682495026
832592463
862447488
72205694X
841291373
827692838
718796640
626997313
655143807
747328692
722012659
848722698
644234911
857125850
789814757
669022810
756689651
715117114
86902910X
720821436
870433105
647351986
644079908
773150870
689593074
867944218
737824506
615372198
836227298
850608295
618600213
629824762
643787437
835399605
665460058
80683594X
630553645
860174506
835474453
82936532X
770477933
84119355X
616483864
86221159X
678407797
770789250
690261888
844420387
733821774
687555213
653799276
637728149
830178538
768683777
635715503
757531784
856718408
732412277
672727951
866203702
730581403
829341080
829192107
684440318
733459773
654349770
885662385
857630539
630337004
744087392
660180103
773570373
729082695
715975390
726738158
646640445
716175975
746348320
715460560
64745646X
782792138
688733425
725570040
724240934
827121660
736102485
86950424X
860862569
655729208
774703784
630863687
688806996
727388223
660142899
618541152
846231212
746349408
647387859
619505125
756518547
720821185
777882566
772602158
715116274
812558782
675825717
72638495X
826309569
750626593
661906582
834662582
829644466
654072825
827774060
833273949
637985451
640226477
77078318X
746980264
730237745
770698271
67957106X
819557137
840697260
865157707
726282707
745599664
837308305
734916159
646479628
719377366
798412437
840787855
77475799X
716636395
725567899
656081686
688555020
61996443X
83318783X
801008565
770614507
847487806
629462402
841194858
665804512
863536549
715200003
717564460
617383200
689845081
632795190
641605838
670516856
848486323
720908930
773145273
814422489
72701742X
717193608
638512689
719677424
866910395
742461092
780422902
773797653
829340890
832280410
617624984
828139164
716271826
887681999
815766785
656085533
640036406
859265749
756346495
796723680
773535373
656066377
858968592
796722277
720942799
730680959
684822636
688591868
656737638
769846114
644553111
749607408
641930143
868293024
85674591X
641504764
664292364
643964983
792716159
688832601
821377450
718140109
65556358X
784834210
683493620
734106513
835392589
687850681
644229543
684643022
755307739
735332894
767223837
720219086
866827005
729702944
749876735
796723133
627080731
729875113
630534446
743681657
846583844
869516418
729057860
620939249
74722921X
89291839X
739841599
863046010
715116819
737512601
678918872
684651408
672248050
624627926
729899934
846810727
647148242
874918383
839995784
666390673
725572906
723925402
885664469
626393736
812708105
727500856
730760944
869644297
720844053
656088281
720544106
813129141
867804580
641645376
648830314
887548040
665804032
665300131
72741111X
730727440
770333699
76973426X
662119517
727121111
836444892
887689493
795263910
625698657
721221998
747438730
651737559
729569667
734868545
655489878
67244366X
796728801
864197594
65483640X
64162168X
657470554
770783112
61853802X
641668740
747406561
690246552
745153429
631482873
669989436
726672122
684643359
745278779
756006309
644913924
62000715X
629465894
629484384
777881306
828127786
837309840
85563670X
731856244
683934392
717287823
642364710
688732542
642335001
770560946
856741450
767223934
835907597
741284294
730682811
73453888X
752256017
678351678
770161367
869441434
632795999
716912597
647632640
821492896
835429288
819564087
667776362
729114988
672728958
