813257409
630923450
846724545
647550547
724131140
671438182
835878244
669225193
860381013
685575551
682491594
840558716
662325486
620760168
830273506
862559782
687870518
803281188
833540033
737580763
730538591
867165243
750218568
636747190
77522569X
669465232
657470376
828748306
827580924
751163236
820970859
719394325
62532708X
684430541
647446960
722917449
717593576
684439999
647469235
77014957X
865195854
646629034
840617100
627764363
742733211
624784797
723604193
688031927
770792871
727630016
718724402
745114903
837387906
861643402
654373140
815733747
746601204
861800613
746289375
737836628
668040610
715986139
838241786
863959938
859736253
646255851
815346484
737523387
833468979
830338322
767219066
773566805
631312692
69728834X
725568798
866524452
657566594
796825246
766370224
815372140
735478686
730145123
720580773
617562504
741286424
74396599X
737992530
638665760
78679285X
826997724
744756782
817148701
622964356
799476714
756401461
812426037
654803293
746601441
815371306
659411202
635131242
749881585
619444355
64582495X
645174025
715593587
69022981X
689530226
867670452
756657334
718219074
720915929
637438388
642925941
670274739
688365760
767872983
634709666
757661688
82090984X
87066297X
631118683
752371770
800134869
769998348
832073865
840121342
684220008
726721670
630944660
837381649
620621192
787774995
814757731
75655358X
71944537X
635046016
742680592
720605342
84097390X
719120012
655839429
863118151
660176947
835256235
825627400
669869147
655946209
717419177
755776933
729564665
755388887
722943814
717463524
722475012
627743919
654072272
818197633
738531022
626998727
751424536
647467402
723571635
728675102
656995025
728869187
866568077
824435109
817013725
827921659
637727525
684918420
727019988
675471087
717590151
671530011
848461924
749580569
835132021
729366871
728605910
732455553
630463387
771952252
869251856
72580257X
775834262
679514112
755558375
689575858
743685571
620719648
746039646
769147933
861748751
781534488
812954874
74759712X
627526101
687582156
727379267
769521495
71528598X
857110527
830333681
723889600
736391290
627585175
782608310
633000620
824584570
670583480
771927614
76658108X
726348988
755409868
779225880
821377086
742461734
743686470
818014474
846230151
656898798
657062952
845189077
747597510
835549615
771568584
683948423
770446523
774244232
64714980X
883575809
665446578
859171930
756023815
661482960
659396009
623209411
883763834
668287047
831837985
640384595
664295967
726381403
863831850
654197695
720566460
719319056
667711937
793899141
734380011
858966018
668869917
683943812
730140121
716624397
641926960
620051809
836031326
671436406
745127665
642369453
717287661
863835066
781222281
64234843X
65641653X
688817351
825524466
840988346
720799929
657444081
722212348
618582215
685238393
773113215
626707625
748918736
644381612
845736183
841194092
718105117
687686725
631463747
689520778
722599099
74986141X
767044568
635630036
815223838
837305748
813250986
841199620
63639641X
769916961
805145044
820471143
622640119
721346278
755778057
668547553
815568193
690223498
653803354
791684717
656154845
690140711
668285702
634213687
815430442
839749074
630947945
826036821
833762044
78056281X
747596050
618539476
834720825
837257506
638666252
825826543
627076904
721452329
661557324
688528031
635889722
689056974
690229968
627411827
832076996
668652527
632026863
73023021X
817975292
825726042
626646626
717563006
769768458
831842962
63372209X
684824787
750607378
635027305
773450572
820657808
651695414
665572204
655555447
625868390
685174743
839140908
688188028
745866417
853807353
685289052
664279988
717070220
770795587
719583764
641504497
797834958
809001349
65597699X
717737039
787354120
636063976
719550513
77997252X
655982566
620654929
725774630
866524851
730127869
626380502
715956027
839817886
734118104
663676851
72763075X
688815944
619885432
67233237X
719880025
833988913
795263988
786878088
660749793
69015092X
781561957
818344393
654539030
641883994
669028924
779971167
716573903
777701782
73492559X
641644604
76852153X
682521035
715131729
729711692
867164883
670484938
81659015X
636596095
664333451
735450056
729703215
653869878
739254553
723544409
717056031
74948277X
834852926
749946024
654208166
719932378
616675860
626804655
788077872
865194602
75028725X
745281192
733705677
817725040
796580782
655959572
788761692
620296968
860406768
817956476
840124376
812679172
728261340
637078993
781218411
735975361
815693494
869814230
627078664
731523431
72898072X
690236018
786886986
719270650
625726014
685375803
746436270
630193207
731808282
773966994
785831398
721956998
719157633
83789638X
630062129
864340990
739345605
799979252
688378161
814423361
688714269
729281221
684843315
71535177X
769085490
725788852
642364176
61999424X
689487541
735100888
618731768
730610713
775984078
857553690
777032341
68882157X
717189112
861622839
732378885
630100411
78033146X
812590171
670457922
769767788
845686194
685540022
643926208
669021938
63100341X
735089299
619963336
775982776
678380937
771621922
746619995
834230569
735575037
718312058
651724007
815882033
856639567
728986132
680192603
749773316
720824710
644508930
729518965
749343974
638108616
825816564
719090814
734671997
647543206
816508909
662312430
806934042
85969366X
832637939
846313790
641532121
798951567
861504445
863433170
620127422
640461360
642356653
717742016
644071125
838745601
883763559
687680638
687470560
653933002
627411649
671115421
815370105
68248816X
83530843X
827349939
645073970
635657570
67581443X
75602353X
65617434X
857352369
654525501
700635513
77696139X
856455059
837317010
779339460
731285050
783962428
826077838
672448297
737825405
64048901X
817563121
668172983
660178133
827074212
672218925
841282846
863158528
870493000
668113715
829994033
668907967
734122039
621457876
643933921
684341840
731318218
642168830
689501579
632666323
64047134X
83459269X
625023781
774676205
833960504
863028292
715010026
862718252
640040527
643977066
730553698
731856538
686814584
629482047
656949171
733598641
863111734
859618137
870756591
720792894
87090650X
715203851
745864635
749461020
776003887
685544966
827677286
636378217
624353079
773446141
832372447
735082286
730538508
688847846
624748375
75119591X
689062990
848324420
728128055
680043586
721973698
688950175
672557665
769673759
663751713
756000033
630139377
847247325
837931398
769914365
625714075
737654805
786955104
733572472
855920793
774222581
861471407
729047679
688265030
751195804
773571191
817732772
766174395
870117963
717563588
776548239
863451217
766677192
638253268
723892202
838018823
728881055
80702788X
788763059
729928195
770003001
658946315
789674211
65479846X
827483422
722188935
744901278
636112934
636782344
722177801
685022641
832193577
644070471
736394141
729567583
820035882
849687624
748732284
857552430
619867221
827004346
687620112
739407317
657050318
749607297
777211416
751904929
806959584
623601001
644079363
722487924
774637919
837318513
651732476
770961169
77478492X
647146339
82709034X
77602678X
863830641
626960509
643790713
634624024
684371952
861457307
625451651
829634614
687536065
642675252
809025450
68936461X
679404546
829600752
644665033
722471602
717984435
727137158
869938967
721070671
807118605
618789332
816641854
846112930
856475653
720116279
644498129
815430515
846583097
689521952
720241979
756973317
656551682
716095793
718796233
726707279
755406966
737436557
735476268
644087420
624579247
719297443
643940367
669989029
685283623
83292170X
725927348
68843391X
770009557
637739752
716011069
870146440
749763620
664021360
623453959
715129767
680590315
669225533
669150924
654203512
81971531X
660175711
630192006
735746001
862637600
746822766
687679915
719476410
750754222
724886729
624693090
658141686
654541426
875024041
640626181
625025342
688840566
646498177
859798380
629759537
630063877
716421607
75761616X
735422613
679515054
617383472
646505173
689271018
626274702
744075076
735599629
769663044
654535159
684931478
725568372
715809741
656067489
722384122
833137832
655564268
847539520
767225198
813081556
716012898
837916690
689818033
657010294
623738287
869875272
719575540
838014372
859634957
745176763
857833081
739739964
738084611
841169276
847300439
787811793
859893650
66428129X
625698223
717390780
643802363
66216203X
667849416
720418151
662523695
727387626
731474988
63049214X
826315232
840000103
835250792
725331844
689702272
67998111X
834078864
715519123
769383211
83819981X
863158641
671536788
722200064
805509631
662160223
679434046
683955608
643936890
630437858
731449290
61684090X
847636720
749913339
746346247
858597659
728983060
62359899X
629743770
833378937
647480026
637365127
632281006
870648144
674636627
83809032X
820157864
665593406
63821159X
642344574
724033513
682751189
792904494
807122785
800433289
657478784
77397380X
715971948
685378225
657448354
726581135
669588873
830336230
670393053
685614506
723339589
786888873
689500637
617947333
616754612
863219977
861573919
639465951
661049663
815713789
726368091
634013114
719117291
736387293
679521704
756346355
654822522
668758686
641323190
64029815X
642674280
736108254
664422284
83530051X
803535236
858917955
848049276
769691730
746687540
839147317
665808879
766244423
822879484
728976528
860461491
722232616
723982767
626820308
657577502
667853006
747229805
837943531
644552794
654688869
845109383
848512715
684430460
677739974
642169055
630082340
869921258
643807152
640386008
646479865
718145690
728362678
648853020
776060325
644937327
621640298
687802741
715519425
623459027
623835223
829623353
826991785
67048489X
735721254
731560736
647551756
802925863
866567690
750193611
665445342
687910943
642842337
735677085
656898526
84871752X
642354987
658929216
826111475
736015647
747329958
866270264
641069065
68873099X
696798565
740899643
864215150
865905673
720796199
640949584
636313891
749912987
769402720
756282098
837735114
662042859
828233063
640485138
719958539
642204810
830341951
846739100
817799451
768523761
717287912
675475228
688566324
786988002
675467829
72859496X
642178208
68608652X
832348775
672586304
687688272
74209765X
718182561
63451119X
742559866
