787969397
858997584
787941565
861842014
79930994X
853187703
769752705
802506534
611196786
853188467
736362126
729130398
788614258
772394105
789432382
85926789X
787940488
869018442
790774623
829215832
769751008
820987972
857648594
870039776
861255801
858997088
863619878
720914590
870427865
729127818
634985639
772399891
79882672X
829207716
858996634
858997932
739819895
859157377
788615548
870047876
861099605
859280039
870037021
859279162
739823701
859341240
832950963
772407215
870041711
819828378
853188866
861110331
82922131X
869009133
789434709
859351106
772599319
86885218X
689581963
864354266
659076829
818858494
659079771
802505902
826773524
772400458
787970077
675457858
869036874
851735088
818846801
789771640
739818120
768437954
869024191
861676939
862542286
863232159
729127001
869013378
772612218
85935234X
80250986X
870311468
861375440
642612560
863830536
82921867X
772406669
789772728
815342675
870045954
772598681
789433451
818849266
802504590
820990469
798825448
731637100
862546303
87698894X
873674693
885351827
886155924
881707198
890785384
882186558
881344362
885346211
890574480
886418232
886145694
873675681
881384429
873455223
891259503
87675907X
894049372
890783195
1013783778
1014588502
1014325056
1014326982
1014407508
1014019850
873453328
881388602
885544439
886038189
1014339340
1014456150
890677697
890793743
87675731X
873465741
891237305
890568952
891001921
891097511
890702047
890693811
894048988
1013998391
89414782X
1013986741
894150286
891145877
894146157
891025855
891025855
1013756649
100814519X
1008142581
100728563X
1015954669
1015954057
1013857836
1013987543
1014019850
890999244
1015929184
101432002X
1014339340
1014456150
1031167048
1026879647
102688750X
1026819105
1026875781
1026880521
857562207
72913198X
861860594
654217246
787978736
770191592
853184917
829216782
864356706
87042940X
861265157
861265823
787940682
788612336
861374789
819814857
861263588
859262227
838428339
859264084
860864502
739838407
787975338
790776294
766273857
63662448X
739948237
729132951
861680642
654221847
857637436
819821543
787968021
787939498
659079232
859350657
858995719
739837915
857561162
798824646
863168280
860854256
826761828
819819972
853184453
861254457
861676300
870044044
788632361
859349667
720865522
789774356
815338961
870425145
77020869X
787938912
802505449
86902552X
788640178
853185808
815343094
815340346
729131610
861373421
788641328
859158225
864511876
819830240
870300571
870040987
863752926
864537484
861859812
799202126
829210407
868844012
857566059
613597389
861248384
862543533
731639472
857562932
739824805
61359651X
86124964X
770188842
799313106
829208356
802509355
864390033
829217916
675456444
863629040
790775824
818847336
861681592
859353176
787970476
788637673
860857301
818857218
65422353X
798822864
863754732
861108655
788612867
861263340
859269949
802504086
772613370
789775093
798825774
857563599
818848553
876760574
881691542
886407729
873456599
882186744
881852937
885564987
873460189
88138576X
88185560X
885362578
890680299
891239324
869010719
886041511
880867051
882182994
870310798
890581185
882184393
886159229
891260196
890782016
873466667
89056969X
881387746
881709093
89114580X
882514695
882303554
891257365
881386456
873752740
882301594
886410525
890669147
885350952
891083359
894048236
101376093X
891020624
891090835
1007489219
1008143847
1008141100
1008144223
1007314907
891090541
894146033
1007282630
1007307153
1007507888
1007302895
1008132209
1007306637
1014002222
894151789
1013987594
1013705718
1026891787
1026878624
1026886597
1026874734
1026882745
1026882443
1026828600
1026891434
102688912X
1026824281
1014459877
1014590302
1014686490
1015582850
1019668288
1013860144
1013995333
1014349176
1013754859
1014337461
1014017866
1013995805
1013784995
1026800331
862544238
870434047
788610171
815337744
790772132
859268160
82677153X
863829481
798827114
826766803
611315823
826774105
65907818X
720886562
789774496
868851639
799308854
729139409
820988707
68433366X
86435469X
868847674
739809717
863755356
777356910
72091731X
789425297
85926355X
788613448
787937487
864356110
870051660
668554053
819816728
636543773
869009877
870312103
86925619X
857564757
85915940X
818856068
863135560
65420621X
861083261
788617419
85926940X
77260052X
731638921
870040553
869008099
863174140
82676911X
772407924
820992917
736364145
769755224
82920962X
654378274
789429691
870439456
868850675
861245490
869252550
77259709X
654222444
870036599
860856577
857566687
76975368X
864510411
864389272
790775530
772390045
798826207
815339615
819825190
832950181
864355580
861367774
772405700
861675002
739823248
789775514
789767732
745742157
863166938
739835351
729124223
861369807
870046578
857636863
857640259
868849774
870301098
826764207
729133702
853188165
821124382
789775379
799306711
656982853
82922002X
861857747
857638866
860855503
858995190
788611216
819817449
73983696X
859278409
853181985
739821091
739819135
885347161
890696152
89110111X
890703795
891093494
890703043
890699720
876759878
881715115
886043468
876988370
873674030
882302477
876740840
885536126
890999414
897851455
873675134
873743806
87346303X
891013628
885562585
881443182
891095837
1013706749
894046381
890785864
891081437
885348990
890566941
886042763
89125482X
891009108
882024108
891241027
890583978
890792860
886039452
886142083
891256881
1007488468
1013694198
894149628
1008134473
1007280662
1007312653
1007304456
1008135658
1007303581
1014341949
1014341256
101385540X
1014321840
1013999061
1014014875
1013993462
1013693582
1013784332
1015707491
1014687225
1014685362
1014495830
102682219X
1015694578
1014494958
1026892171
1013762665
1014589967
802506984
821127179
78942780X
78793979X
870302000
864511434
870489135
863755909
819824658
636541215
789769131
739946676
818851767
861678400
861100557
720892902
774078804
787939188
870036181
815335113
857561812
859350231
819829129
739834789
815335946
789769085
859348873
858997401
859265714
86124463X
789426935
861250346
815336802
674646002
78794016X
787938416
777229277
729131335
820991597
861251970
87004298X
611374447
798825170
787977985
870313096
870435140
87030576X
860862186
818849843
870309587
863163750
78861620X
859279367
625869400
636543234
818856793
870037722
848961617
635029642
864389752
613598091
863624278
769753205
82921755X
861368762
864514026
720911508
770190979
869255347
857559850
819828688
772595941
772630763
869025074
860853837
863134157
63662420X
625892224
857560581
859342255
819826995
861371771
802506194
67546398X
870428217
772598002
729138429
86136922X
848962230
739807617
788636081
863623255
864511132
857645226
858996820
789429071
729137171
853186855
864354932
739948830
656981954
868846090
838426727
870489844
861111850
859267075
815341520
654223912
717442705
844769894
76975600X
769754023
861368169
739834215
86086300X
861098188
799309443
769752047
857638084
870312790
870308866
788618628
766272915
788617966
815338546
82112563X
885353110
885557832
873751256
890786119
882185365
88640908X
876733127
881354120
87699074X
881382914
885558812
891258221
890780064
890562520
882306979
88641962X
880863609
873673131
882305611
882022016
881342564
886409896
876987749
876756909
873464745
891099387
873750306
873751981
885564219
891092765
890703469
894047647
894046543
894047345
890785341
890697817
881854328
88535012X
891016678
885566505
881383538
891256563
886410967
882516892
1011934930
894151193
1007486724
89100226X
891024360
1013984633
894153153
891026479
101370598X
1014348838
1014347319
1015593356
894152726
1013759133
1008127892
100812995X
1007309822
100730779X
1008138878
1013869230
1014462347
1014480078
1014459125
101446708X
731634993
1013860179
1024281949
1026795338
1026718325
1026714613
1014461340
1026827647
1026890128
1014587557
1014492300
870438409
859265269
674651510
787976628
870427423
86375709X
859266621
848860187
864355351
869015044
788624016
788640631
739822306
870303031
821126431
861097041
818850787
869011928
86344203X
772407576
654220409
826772579
788627155
868846759
870434624
789772833
769033202
82922078X
858994380
863165311
820986208
863749712
868851256
861859065
861246284
787968862
863625657
861371186
862540909
728996766
863162746
869254545
734543069
861253655
818853956
819074756
654221227
818858087
820989223
859352803
853185360
861107896
86925362X
863621538
826766293
861370287
720910161
861822471
859279030
81982044X
829222847
769754678
861098927
85935377X
870305085
790773066
861262905
870308408
863751393
772396507
798823526
85899772X
65421896X
857565303
82098695X
790773554
788639684
636623866
818846003
65422692X
861247000
72091227X
789770431
789435497
861263995
788620908
820993700
829211233
819827649
85926971X
870045253
859340732
86451543X
868844667
729138968
859278638
789771594
777229994
890671087
881353620
876731752
891015264
873459334
88135550X
87346608X
885354036
891244034
886408369
876757816
886420261
890785023
885533046
873744403
881352985
885565711
890672989
89125563X
886035473
881713759
881445347
886153131
886148367
885363523
894149474
886154936
890782881
873456173
882025260
881443697
873455541
894050699
873457420
886044812
891242295
890784957
891027092
894049488
894048775
890781842
891021485
1013707931
1013762401
1008144827
1007311258
894148532
1013992997
1008130540
1008128252
1013992997
1007484969
89067924X
1013782909
101434011X
1023546698
1014458129
1013856678
1013985877
1013756495
1014020840
101386087X
1026882079
1026890276
1026889634
1014584485
1026717221
1026821290
1026792029
1014684846
1014575931
1013758358
1014586402
1014460573
1015731961
1014483522
1027938620
1019664681
1013760859