838021190
684647052
817007857
654787417
851402119
682504734
689063059
636562751
85249078X
726247006
750555319
755556542
828237689
642414289
675783801
738387487
799762466
770616151
688154727
735995419
738078727
669011150
848487133
779046552
686114833
870170430
654800731
769148115
800349202
747209987
723891206
824849744
642365768
745153623
644548274
858954605
737271957
757126642
734107498
863455778
656740787
616096232
733809987
717830233
668676930
815429444
830241485
841177597
718080769
684265613
667861823
720541093
683945750
631928294
812438809
774682078
771613911
663675642
786425474
687059976
766677605
672745801
798490403
722173431
863852165
679435093
684437902
832998524
853805806
815273088
812861027
690105029
858987759
616336543
77744688X
841181659
664282067
643407189
769528627
642338035
818344792
71512367X
871288419
735270082
859827763
815212984
635639491
866543791
745447414
734639511
737850485
812566203
805380574
856489530
660703882
642408645
747222975
667697551
677737904
737823410
63368841X
826112196
740894447
722390157
837383218
665334443
727136895
834079801
848087216
660940841
684538768
770556345
860764745
835253112
827084528
662137248
627596134
690179723
777056240
861099796
727015796
788911856
623743639
633003859
805315160
858784874
829643621
644067993
656734868
827092555
746601077
829999604
729581950
730230570
668920947
863112544
841213585
834847663
750566612
870751921
641918739
646632809
629659575
835385248
687790247
729053563
687561515
771901364
720289815
683943545
768259517
653872690
619862998
684220547
828243336
721989241
629634076
669225398
746602693
684219891
798488824
664791344
674637658
687482801
826601707
66433587X
721347851
826606520
815717822
672974975
665571216
846398257
799477052
734408714
734805179
857818767
869515276
729857549
685081001
715703366
755693701
78244055X
728663090
654940371
889504989
822340054
733822851
737443138
641214898
630948941
627700578
646505122
748781722
733704212
775226904
867783273
819563242
871257785
738048585
64715529X
864004540
770547664
756674964
841198667
656104384
751415391
78580367X
723332304
624584070
730623238
640992714
684086166
751181382
736636293
827372558
622691791
626623588
840652879
621131822
749765720
641608187
727150049
774261765
770569862
646468553
685012735
654013101
829341269
716226863
863298591
832078352
635703041
671531239
66867654X
796357706
862524946
671171690
655722580
654551731
835395448
667863524
716096218
784613052
826608590
641068468
858564831
74515347X
719317088
716625377
63020313X
866997555
702994405
749944048
819810851
643790063
845987135
80561057X
742094235
730535622
78033373X
631988831
826647383
835470601
656917016
66769935X
781509394
797020748
829200940
768262488
781535182
739366203
778412105
75221375X
868635960
646233882
73023875X
658114476
721079067
717562573
638224721
870802232
699928567
622760548
672469170
863535879
687681170
657577073
746338201
733620108
723946469
715811843
768583063
641539568
688151302
81315149X
83349113X
717166856
696796554
654571104
664388604
75538878X
717191524
770263984
837868084
845699997
67162136X
736089934
642699496
715178776
727065807
635941309
657004499
834069016
719945720
757633188
715048910
737117559
74150555X
64739197X
863332102
756409152
74545450X
656178477
687073111
768258839
648835189
856749478
838095755
726903426
734980590
776548808
620940972
722085710
750194138
669988286
679512888
73360000X
751001678
774596309
83300641X
667700412
728596156
619880252
780427629
657052930
663678471
620387084
726066664
667605770
642315027
768633613
781813050
776689827
654911142
795257333
822089459
841210217
750927003
742253074
663669766
827095015
686081609
629630062
774477466
729510913
755816099
664490964
735598126
75644652X
821247069
671537474
755779193
733459994
863854362
773124365
853804893
846109476
826815669
851708692
840196334
623504766
776981412
672249502
746297351
627346286
717289494
647386496
731286561
86293334X
866057161
771765487
631459839
85269721X
845732676
688811191
746335040
684533073
647651491
619077778
719304474
847255611
673075206
727377396
768143330
736533486
74475755X
719119650
639586821
619962313
864820003
690085699
729722937
668114649
726347876
869720600
863332684
672231506
863474152
774883308
662119827
653932200
621029262
62658275X
734986467
72988807X
741279126
737450592
746236409
772375437
675908434
723616892
796873100
745281028
660156121
745157440
729545385
77176135X
638498279
662306139
618526161
690226861
857569724
893333859
837929644
643788573
618307885
869005294
72084066X
770851746
671014633
719670888
664753507
647132850
770625827
770794831
640213340
718561317
647651475
863985386
654544638
770292747
662318722
729929922
721925545
716385813
750526483
832866288
644133600
770100988
644409126
825539935
721548504
66914567X
718447077
729874745
640150543
862374812
737928271
629766797
800476980
671624016
739276093
688737935
715351222
631005552
835867323
66158108X
684371170
665254857
727395211
671923811
766631036
618752633
669021245
717289648
65688763X
632807423
688818986
848739353
848205413
644407735
672318989
727497448
864779496
742106497
63268142X
670104566
718143361
748794182
632335491
716160153
735795371
751347590
680184082
820211931
855382724
68947377X
71570575X
632284420
813566231
668104937
678800057
770603033
718825128
644108355
863474063
685232786
861623827
623214385
746143958
682530484
63130679X
767200969
864004184
818692707
719828597
85890621X
640965202
869375466
738525456
771911327
634957279
846316587
859859908
769767966
870167456
796873399
718141288
730434001
725519444
663438128
729607747
81522060X
690130988
640488307
832259926
835147134
815273452
866903267
663674751
718299469
686674936
770848176
751107336
857301284
741281341
834534584
752306928
72231390X
667381813
771901739
634503197
71745424X
863523242
863131239
687825393
668270357
660184168
734871805
655702458
744911028
629636737
719550106
679526927
689522258
806868538
656103272
724110453
726252352
647726548
826899145
824828895
818344520
806812990
619831502
783737467
863830552
630336059
739238949
656066458
774701781
770726593
640032494
757414400
720801311
742691144
838754708
785662103
717744159
642923736
818195762
66735140X
66448557X
625856325
772781869
684104253
61830844X
723909148
657110736
834085186
778188485
729740676
769662218
825724953
622375156
647166674
827388012
719045568
736110909
637734505
666711143
812771842
656081155
749706503
640644465
834853523
826741282
73744584X
883901854
738387568
687578639
767045211
720796768
721066801
856567442
738614815
689344996
719110130
768041465
668913258
834021072
718212797
664356117
731663969
83914010X
771911270
74756597X
717417395
720919312
687995949
638498635
870055569
850623618
637731018
849495415
835471780
845370820
812427580
770556930
669869228
638498716
61674420X
717768112
668197498
723739625
641899858
725921986
641899599
857542478
665599528
780312406
675821711
866287779
639711340
722150156
737281081
688565875
752406485
689518927
727461079
684436388
737275383
687959411
840652305
646499831
798837292
688585361
770103162
667979867
674658795
859505812
768636663
774694491
868660426
635713349
861540980
742091988
656752378
802524869
63094248X
883903822
727057626
726794910
766696545
838551157
847180506
733572111
735269106
768260108
729296261
664355374
779340086
751121746
836714210
717288382
812933516
682501190
736247262
822179733
631851712
746003374
750526513
818760990
719869307
629522782
671113666
730322173
841173028
720776597
806812001
688818404
641327668
689515839
663678080
686845919
737580208
729054438
805358455
670909114
68928618X
726385190
689811241
68013753X
858188295
641725965
797039805
86395703X
689344317
73498023X
752234706
627571409
775845477
766241025
813127955
688565352
671015648
76903148X
720912180
864779682
664292216
776211854
841412308
640298451
685386317
769734685
64252856X
743684931
719684285
769916384
867002255
73936426X
832943355
80531038X
83540188X
757414788
68926979X
719323657
746281897
742680215
749835591
781231655
776809717
846564351
626605091
664254470
810614103
723788375
667683844
887592198
766630226
733863957
66533298X
859697002
774042389
717400107
663674131
860488438
733586880
632337346
751756288
851400825
726204145
668030682
655550003
644378301
684701146
779432991
723882037
750459298
682508616
672238543
718285220
766432149
847941183
835390012
868592064
718154258
722934122
815393563
668029897
733922228
720093759
632187476
734951027
640317251
646688154
840894449
690258933
629637709
716122502
824433998
723869200
655010114
798720255
675433037
685175189
83185183X
719459044
722598157
74397901X
860296903
846914530
722491034
735644241
770616348
772070059
726380768
72293291X
682525502
82882861X
736585397
869217887
654590184
805312293
665526776
858984180
815227655
666175616
629823596
74545416X
779046722
824079477
640251420
641923953
796335877
685377539
771554540
799313572
689473540
724894381
623151022
845544276
771645740
727048287
665457073
769992625
715285211
656749431
73862425X
716658879
869375113
669377899
719491339
655968717
813135532
738081272
727532235
636521893
747328080
666565864
77044976X
770557317
64715160X
645276812
634173626
742427846
658121499
642853088
721542883
734803370
655858768
634172778
635942852
832083569
738626074
635669498
685615847
663083257
722919980
721916171
868580589
828222088
686647068
815429274
648008118
627502822
799761206
729557006
738205559
837302897
666504229
866400338
626584477
735750394
620138394
747333629
840782217
814441173
746892012
776098934
814781756
670110957
68578309X
684812797
671171879
815720807
666180520
668285877
817961992
816101728
630134510
688731945
788977601
714979112
631858121
729747212
815217420
727064908
835242072
855375299
726581380
721925677
65595399X
636063534
626393299
735478074
63784727X
805622586
755439201
826112412
682442208
830015302
863046363
766156826
746231733
656177993
810625342
720927587
630944814
735465142
780702220
682924687
729872505
846565080
757116361
863332331
627413676
776729667
849702941
868314625
642674329
77312800X
767106520
615375472
757633722
770108571
647455099
716658828
851708315
828222398
