71662706X
682754641
770476384
719975573
868635316
638109108
667317023
654799067
688824935
663887291
735497095
731524187
866828214
72707492X
720800331
626960673
654355584
630953554
634257307
680552219
721965962
775978329
771757816
802523234
66367672X
65687368X
742252736
655547436
654201935
805316272
831866586
736585419
621013226
724277366
663675944
720915473
751124362
812330153
629634629
743882342
857816594
663886163
870125680
65406959X
817800506
757405983
737332069
670020834
76898937X
770145485
627850065
641992785
868662097
618534415
839472862
749763396
736310991
863159265
856745553
735770743
634213490
730412911
717194175
64466651X
65606692X
719314054
803515979
843543175
749876360
72620918X
827082819
656081139
717276597
84637823X
684699222
688731775
643784411
828116873
847487881
770862446
684766345
685080285
654682801
715693417
770795471
688809804
635672553
734536747
715587021
826601685
826036120
630203784
768522536
671778242
773446664
727625942
840796226
668038365
672637766
637963059
83291472X
865924694
629520518
685562158
736275762
855376031
736246797
768272157
733705162
806811501
657010669
668272759
622670999
840569440
687963060
690257856
848337891
857437569
841195110
696797917
818672633
626386969
621172715
816506396
773448632
685612872
723890641
659437074
715462768
664341209
846910535
661052982
66427322X
776965107
816505918
817720642
749580992
644269324
766170063
623619849
633773816
860306704
780656652
687530725
672318113
742557669
635906511
79523094X
818219599
629485429
774893087
813565952
634485334
665457723
803589018
74622429X
667321098
747075018
719936330
655707468
866895108
750447087
664422349
645201006
647551039
719397502
770849849
828242208
634622110
644452374
817493972
766630285
769746381
647394634
870614924
670110426
751757012
770869750
835261980
725512857
639466907
846219719
664679978
730909751
719826764
620131667
865659559
685543803
893333050
750200286
663672287
735118035
870269380
627344585
689349882
850620236
726688290
838000932
867083425
833524860
76712300X
745216722
72629151X
834846837
777157209
736696822
736428755
729451690
838549217
685544710
776817671
640642403
646494406
718592921
634033468
757636829
631107487
834580381
725512482
841229309
750976950
738553921
689272294
798902205
667588116
826744559
646701991
857811398
642536465
742084949
826352731
665531036
717071316
830006230
636766969
657440051
862199239
625455258
830002308
715956337
741228130
839997825
670033901
644072288
772418918
65673938X
776799894
663974151
776593773
672230704
72993005X
663677912
741235757
862573351
687812852
718582624
726352446
804996717
720290538
841198241
833273140
846681102
806818875
789435160
832273171
668005408
731521625
815412878
682453854
665585438
653930348
718449924
813080029
665534027
638578183
689221134
739399640
66332968X
736598626
837366836
639544509
846392771
768259479
65171270X
633015199
745849881
635909154
820466786
766630153
626959187
805309586
738584746
773390219
723739919
660949075
83025790X
826645690
631991786
781893771
75052684X
730681254
715475975
805509135
715351516
625845994
787353736
770293433
829366091
688732682
71774289X
797428496
679430369
71844244X
656738839
662135377
646470671
729618161
746019513
715114697
72644295X
724114769
773883606
730217221
715997254
644071990
644062894
749460407
715590677
684449927
665463685
729965600
61858353X
71985427X
626954290
720429129
721904467
80546784X
856969354
828624917
846730006
664274064
686869656
788505114
729621014
636552101
719120322
622691252
798718978
68289012X
815430698
634194097
756020689
750633204
755774043
846320053
689705522
631006389
722202229
68948724X
727056417
665581629
74723566X
620037563
832088684
657010405
726346896
770449476
684327155
688818080
687550475
688819346
623453584
630485739
656175397
838550185
629637121
668208546
784827788
810605759
664330703
835882780
679400818
688809057
815236115
667320997
735207534
786817100
621085987
824828836
827496591
723740682
818441496
690245599
828624410
815430329
824465199
719396131
85664109X
715536508
679601791
86699808X
747079439
665580320
656657383
774671289
846911442
870268740
719199999
644766956
686089596
74404720X
663594863
720927757
779022572
815347715
856459364
756516218
739801465
64253621X
732414008
729193551
715587285
834950022
642373477
719723493
629485070
623454556
73838769X
812803442
738557749
697270009
844738751
770738346
687600014
780655753
717736814
728796406
870269763
635724650
867776757
722270208
830327746
656873256
815718691
663109477
746966024
665983026
656737948
640965814
862714508
654189471
840118406
684703742
769357458
720420903
717417050
819773387
732414563
817145516
620109068
643397663
74707495X
865947600
812772253
747328919
653581181
638111773
868302279
668829702
641531613
68453343X
663438055
738369942
619085126
816921121
746524137
869216384
620351527
727545248
750526548
625870700
770345182
773446559
719036224
788906526
721954901
688060129
633763446
859507033
630059179
812611004
735587078
778737020
640949487
657578479
690232373
722010311
656505648
834953056
748732012
630953783
816101442
718486293
803523424
674649583
728781670
619077328
616668813
73454250X
816648115
729956954
745447104
734541651
835374068
749836571
733998852
671014846
813087120
723567999
667354735
805006133
723937389
642698236
76952379X
791045382
640805736
756742161
67940001X
730611019
63780127X
630050260
655973753
646450115
643378774
870752618
739345346
864216688
72888917X
783257112
664812716
623833379
789775174
870116258
717436063
642698392
72905652X
832001589
664651089
670458082
719556406
71911912X
817497188
74743882X
715202979
684848120
792631404
635653079
82096641X
620636122
721984142
689271352
812615816
660919540
769508693
796357714
66429541X
723879117
862161258
632066644
766617238
715101692
736015272
64236852X
731469801
690237464
746444826
749913134
689066805
750194685
636860655
788602837
857512188
750622377
659474204
667777512
730431541
818580356
827364261
667715509
74269934X
749653558
827079575
751121959
66363587X
777218720
635708922
640675808
824090187
715933094
688188125
862707056
840973888
77620968X
663083192
685797996
626572878
798548266
661053687
865957983
755780361
665513631
640490654
832598763
626647460
728985918
871257319
61994997X
776499580
824464729
729057143
630336458
768218713
812703774
86018286X
648822761
621015342
731525264
749913665
718583124
647427044
799762318
64232803X
717755312
833503995
635717549
832662070
644164808
736378820
702916129
729960307
716570211
719705878
746043120
737821051
680563970
799242349
773561439
750191813
654806993
731310578
746819307
63685504X
846030659
745157122
666503001
642335117
687803284
86550329X
67002063X
838551661
637738632
730535088
729130606
826228283
668032383
798641495
817140387
777056410
636313700
640250866
735756406
738625477
729368165
821085557
866289224
770861326
690189672
738083690
670016756
72995627X
74519902X
657477583
726203513
722187610
826741576
665585721
647551284
825539536
767044703
684107694
657064149
63426365X
860180646
822083124
68271884X
665569688
634497626
715648675
625953665
725508655
837155355
686081951
631989196
715015591
724117008
736236244
664703607
863833950
717185060
747597456
64168519X
656102004
841161755
651697786
835458814
730356140
820032263
734638388
782694969
647151286
849482798
644549734
802915027
63233889X
77162171X
789083701
837366488
718049306
757406149
781825156
626020700
657387959
750635673
665279647
729863166
834056445
751088978
788758187
667029060
83027457X
869222716
813127696
767101421
715966634
823985628
863827179
735721408
730676145
716636271
818219114
817497838
757417582
689807317
725805250
861098668
720219957
657439746
848711564
72905554X
643008950
632184876
846312670
723917930
690232314
864250959
630072353
838537790
837385075
725569654
718508734
870145835
661086305
641320213
731646789
835886980
641322976
663888166
770007732
727337378
72077831X
832600792
635716623
653802447
619854529
668105631
722199341
870435639
831870834
865832668
864214855
771767072
827501099
838466702
669039608
683993003
717187861
766678652
873188438
734401752
834741768
777705028
73659177X
716354004
686089812
824083725
725375612
717288307
654527903
683991272
77592606X
644637102
723892156
668909560
722212445
644500026
668643234
728369265
663111188
72643924X
625293932
846577070
658937685
660177420
619944706
716095254
716915650
815285736
667319425
815717229
728995131
830090436
862746825
732414334
816505020
718234448
656977965
626997038
654200696
687538726
866563059
851708188
679423818
654989281
630558302
668203501
656004061
838741525
86858083X
848528476
870116673
730522695
685238466
654069557
745730973
742412539
655997423
870803840
656735589
741290731
626591449
837309158
863745334
622376276
687246490
835868117
863941818
862636086
63678231X
771023049
865661359
752240854
71718367X
647450178
72934679X
645271446
751878243
741504936
656925108
853826056
662654706
735081913
687867282
719668239
734923651
724124713
720690242
684457245
642923302
631874771
63470947X
647453576
829367136
737126809
680596003
770733107
64507490X
642926263
71937698X
668866845
728127954
844205222
73751938X
689481241
827787855
786299827
680183248
718105559
731835190
832629278
654490147
837920469
822879735
749459654
646234692
656658312
721449522
736306331
644443308
746286880
824091426
749837578
630781753
667673946
770335446
739694235
647490099
860336328
833600419
829366342
776964518
690085184
716653796
620938986
755410459
684377241
86829540X
716626209
71958308X
834230585
771760469
885556348
684379015
868725102
660170337
733705979
62315000X
742708160
841161097
626264251
62093882X
821115162
772575649
861512170
859462196
640366449
845449044
72038723X
655223797
738185671
644067586
715537644
860523950
636768163
841179182
657007927
826745016
688816274
719933870
813248949
844099465
83020461X
641911483
834575477
719827272
646454455
856490199
853806683
715706683
770949126
667458395
720814049
736247912
639498027
77206461X
862377676
816881049
686077989
790174138
655943110
688063683
826914667
725922168
797714251
664020070
756679168
716110318
837380278
723741212
657468010
768538084
