741287129
72985566X
689349971
62776097X
683931520
746232632
736639578
746509936
834007363
741125277
655969756
63055501X
724031782
647544172
838445063
719395925
825816718
661596931
749655380
868666424
684923440
65673678X
719262909
634973789
717743004
679522352
826608299
72971313X
857301519
622376373
746509510
860342034
787488836
715645501
752374990
630945241
715462709
770201237
656873965
737441070
746029659
635266482
685194728
720350522
837186757
769400876
742690326
672333147
640801536
66466914X
790561646
719555108
625216415
720798582
774887982
75693026X
84673849X
635710277
660759845
777392259
641617976
659433451
82111459X
728888351
65700720X
723607001
769508421
646500201
756673151
722181620
627080936
689257309
73512308X
788498169
749460199
720208432
630085137
749455322
641918542
719691524
774236485
665208731
840087764
62037795X
668006765
863126642
821973746
667316000
734872097
766156281
73932618X
868707627
715115766
663912784
617373248
746575920
687808618
805505865
626961009
641495811
774757167
739358146
727547070
688808557
731837150
67956568X
718178939
630943656
660176181
742470113
770793800
62241769X
844202290
642187339
75602238X
872622851
847925196
797448721
776395807
672558432
716633019
865958556
690135920
654376077
771269072
741287765
637726901
863735908
630101140
668286156
632298863
813563100
665600402
825713927
770731392
656574607
689469713
647632861
655846182
734401744
642182140
832553700
719307678
669218367
859817121
667647007
770461484
741503506
638281210
821267477
663673062
619459026
66362911X
74727861X
730551091
61882071X
836702212
664330401
745141056
729079503
617480990
684557231
770506208
872622568
815601433
665963564
627755291
669721387
728654806
858620472
626208815
734594763
828233705
686081846
720825385
654381445
66803047X
641524617
622799924
846910977
718042611
625031342
725572035
627318274
734091710
815718233
770795315
738613061
864243855
689212607
768520495
720794234
77102343X
87798901X
859857565
768272459
778675939
686652568
824007832
727084712
722557833
720245869
857003259
825826861
877989370
662043294
727084933
781222567
82158068X
716157284
733627544
825835984
821580515
825839041
868715271
848119940
717464660
78110355X
873675789
768645530
778091090
717464288
778676625
727085115
861281764
663751888
882308637
768645417
770364616
845444166
64132569X
656922036
839994710
77192772X
796357757
735269831
666566526
645281034
720661609
766691780
729730441
629630372
665459041
667600809
770008003
778688674
723886105
670456896
749602562
655490124
630943125
664202128
644064013
837929687
718297857
783854803
856210730
840557809
821588974
769836135
684929821
734607164
78071718X
72255690X
721563090
834083574
880784407
770364489
863112013
771928262
778676331
861281225
781222443
738615323
766241335
829623531
769836151
861621204
770259367
883951681
739239082
656898097
83809077X
86432510X
883763761
756023033
825839947
845443534
87502372X
883763796
656995246
77867679X
875960782
86128058X
726903817
778090493
824007778
733627137
738558540
734356218
730465918
767225368
848077725
768272734
73440185X
797449132
862460433
66155709X
732456231
876604645
722555776
67879507X
851411622
71746654X
851724639
757401538
883577801
87502341X
738014885
720245753
84544333X
679422544
78807878X
863856179
658943979
846584492
635715899
830342451
859857247
639498124
662044282
717410498
620061316
831866705
812445988
634609793
779956109
717289028
716604469
680159274
757169341
722016565
747329052
837869501
867880430
643811591
862749182
75109711X
683956515
72134464X
672557126
723949158
663922747
631106855
728979373
740897608
775833541
862931606
82708403X
71799161X
825726328
820277800
776095455
739835238
861574923
719580552
828411549
647883686
781222788
834020173
631303995
665956800
756023319
796578621
820464279
62968426X
717183904
729284999
875020720
857834843
856102733
82959549X
644665432
633730513
626594022
796357749
655586571
848705246
670108758
717271919
742082318
686649176
842165533
686078896
836325915
838551874
744086329
685799360
734607032
668051140
728647761
664110088
626933889
686077474
747405972
851726313
661028887
830320482
616763069
728891417
734016336
870178210
618530290
682530964
769989292
830279334
862458811
656176806
840928157
689176996
647473100
722365888
627117201
769849822
716025825
786180110
749914076
766241181
684085194
644509546
683954636
662299493
863112285
786988398
880786205
825836611
78698810X
730466582
689537220
77867603X
778090809
730070840
770786375
716157519
770102093
778090922
778676145
877989273
689536437
862459133
726903930
862527392
689537484
817498761
851722369
770101720
823961540
770783686
770786863
862459834
689537778
821589199
738613347
829342281
847776956
726365882
651738172
834939819
734354649
750527293
840895399
625234006
863721230
727871218
771338880
617359954
670458554
672198835
824414756
830342761
687062969
726385301
644429984
682433985
867881399
85917753X
663878268
870759051
867781610
655223533
743978757
86292703X
860368858
672248441
682922242
63055207X
806944587
643786562
641655894
74514585X
722170483
73714422X
688345891
863984304
616574851
820591319
635252058
750977108
730146561
663883776
642536996
827489854
668864273
732082854
816153248
715115499
841187177
767101626
687550963
827097506
831840161
688732801
642403236
66656356X
739326236
752238191
640189482
738395552
718285565
767874293
679398821
643783717
665801718
654789428
68905131X
85695196X
684711249
640044468
643786201
746030665
64887060X
68439569X
749348151
734869525
715781952
682496286
868579092
834242303
806935227
82059220X
668683546
642683131
839472455
716630362
679602763
816505764
771582048
641215355
778090221
720915554
641655614
719823846
637732170
815601808
73159424X
856463639
656893907
778675823
834581078
63495699X
663113970
660750716
834470969
847303454
737436840
862992281
689057156
875960170
797447253
766241289
872624285
82158944X
784125163
838527922
84808554X
838528643
845444131
867003510
67960068X
660749416
687469953
870176692
867001380
82158040X
72706200X
655951482
626185815
737994177
784808902
870788558
675439787
624365522
623228092
735229082
848521897
773121145
815226101
834729733
730126579
756022576
862531985
826111890
637977726
848045688
718827031
767225260
847542904
840009682
721918433
688548954
833114603
719329132
781103398
720885868
867470437
727388657
627496601
78460598X
867844205
656938617
86987246X
848460227
78215154X
688008941
656557605
645282324
665454570
737929405
869376861
72961963X
83793074X
729738744
867882433
655963189
731640101
622758861
833046837
637737253
730321630
749712082
662522702
723952787
734607008
62662164X
772434204
863827195
738076260
716098539
721948790
738514942
826227600
719860555
736439587
683158937
85892143X
634957589
731802713
620390247
640182321
688794874
670511099
841170258
720803268
796357773
826772943
741506874
749765364
663922097
806955104
623455250
722922728
654665796
641620004
71972449X
687686407
633788635
646230425
715926128
72690371X
718814851
728594420
835028313
718125916
715648519
67052462X
720820200
641642423
634175246
838742467
752378791
729854884
680590838
828159327
732543282
867671211
719930227
848527461
837190444
818218673
630334935
730750752
645277193
736534687
81280600X
868711527
721959911
684018683
825725178
726112585
815278721
73855779X
836703405
65412938X
62665596X
68442679X
859796302
717584062
720843111
830003967
76749315X
684271311
642616906
817715983
745451969
720191718
84665170X
73805724X
826299148
770086640
672451476
66428132X
680556435
747105871
806943793
663677602
653804776
646254308
666093210
737334495
672603748
655944737
616836384
755986032
641894902
669042110
741333007
640625983
846315491
689810873
842133992
642524963
843545887
770896847
848530543
834478811
638212278
840582242
837757959
664806406
834609703
647732165
841192898
668030259
62362009X
651731402
843549688
669991244
74245942X
852487835
689358768
700549617
660759268
779046455
669441082
72898203X
773795715
861378393
820551937
638225876
737820667
786648651
728913852
741333570
664400795
742428907
75720533X
851723780
720279917
819847321
870931911
666711542
836707427
632335181
679403396
678797285
751706655
717253538
654023565
626946638
618808736
838016391
856489603
657443417
654228159
715976613
688185932
717403831
67011247X
769768644
641927770
788616749
857749773
684772248
68706094X
663883423
737822953
715710311
640189660
742569381
750564938
769870589
668208120
755779576
817012109
724282874
635049376
742549895
846740192
644551402
659484366
784287287
724035192
786880651
63742610X
647468840
770470114
689057970
663885272
677739591
734422547
86186977X
646479164
729747093
715123882
638346029
742066762
64197843X
861623630
73454278X
655756213
627491480
882301470
682503495
662039041
631007172
63571115X
857832654
845467247
859612090
646474855
726472719
665621930
623134365
770444709
812938852
735484910
838527833
802926118
774796146
72868182X
767211197
662037669
660177366
722949561
832259144
679416994
665283563
643380140
826644910
746039042
641497822
688532373
667755705
742458237
72891557X
71535129X
631290311
664255299
825839394
726726362
768978270
684914239
824097416
750072849
751195731
656076720
657046248
734091443
635365499
756929245
625030907
688387861
685175081
771929838
769733557
806934522
747253064
727863517
74268010X
689601689
720102014
749374209
71822440X
828624437
644129735
812426517
77464222X
815370407
749754729
682717622
680192336
651764726
747328781
665313322
817139567
838342507
722468121
770478301
722209495
824414888
688347525
847251551
720817544
655955135
729617068
832630497
672244527
769001297
662134672
817969322
689289146
82233464X
86519629X
828673152
685074323
720824192
655742476
770476023
715651900
862551838
846390248
827808267
71751112X
641605668
742735214
875026737
798720913
83471633X
756514215
687482305
689535767
78612850X
841401772
687856264
722468210
664110711
630555516
722934947
769524621
824423739
664497500
68608392X
725589310
783989067
834020335
863728367
863116167
831937696
814436331
781222672
688815464
73855913X
622664328
83287020X
837372380
641622082
771755163
834705958
775224979
80516586X
