788652400
82396096X
719387809
777013452
77353606X
654921903
674622634
632812680
670510009
722919018
774704780
734399707
855617713
833483277
844205486
886412854
746955170
720822769
732379067
743642252
641326742
641992491
661042502
65709708X
688549136
668049618
837736404
665446357
730142906
626269563
680301895
76992770X
72214685X
719532671
883959631
73746190X
734523130
766144291
779046390
622989324
664285430
741283514
686822722
665464258
750236450
75555678X
63611340X
868729957
756941369
633003573
675801761
685553426
666171041
781601967
864778708
737822678
757632955
669015857
734869592
74363277X
726807648
644071591
837379954
729473015
828819327
861895487
777353857
643967435
828837562
859618765
636310175
669415561
85609790X
866827463
75635045X
636756963
716624672
672746255
780864484
643369775
733885411
684705648
685098494
716629585
769820239
63877389X
775225959
689523378
844202835
674659902
648819957
664109330
840974620
719270553
654989656
662348680
71657893X
856976512
813659779
635712652
722489730
665461658
654380538
685797538
826352405
803539061
64261668X
729606384
642316228
749929510
646495100
657006513
862972833
723787573
767105419
642346968
828621470
845645021
869406752
630511896
661028208
823986683
636112551
643968350
657459992
667777814
630139091
635323168
837313848
733702120
728914751
682750298
726444200
719577241
635715759
776775723
769750133
799249750
766695743
735465363
722010990
641327005
738515450
668021780
775148059
847178455
668756616
644408456
768248175
734427433
654073937
788078208
688369146
648834824
833760637
664841457
657049042
720841917
641645597
779432126
770498477
638859638
643795545
818219602
769851401
869013033
638179971
66771684X
724895310
689468415
859691667
813042895
79925035X
735082715
832272701
766695824
730510085
720835674
663676134
718088263
82706764X
773570519
806850248
734670427
661573257
766432750
83054304X
62948614X
662818318
729581012
641325118
863437338
83643286X
64527965X
776101803
720773938
669144894
861872398
672978814
717288137
685544508
679599932
756446163
851736971
688602940
867804319
820248037
716623013
618633987
859775976
654070121
738389609
831837519
723919674
838017827
780053923
869377272
74268606X
798861010
742728145
799017795
642200483
625714350
840089635
860370534
62319547X
809065185
800474619
631321713
766691756
644500670
63742803X
800347293
642616183
747421064
632673265
679433708
838015700
746282184
72866836X
741114879
687547903
827495307
732451825
797022481
644499168
78849869X
722260954
743967054
630337519
842237135
837887038
664109802
716539322
719211301
847785297
82882052X
684717840
688587232
749711094
817307036
663886503
779753879
816647739
618730338
805626514
827084137
661049876
627569978
653878346
868659142
635710706
636558606
840988273
846563797
78390570X
655950966
635906058
856896748
777083639
684943301
799251283
756350905
636767884
672592304
718134842
838104975
663677130
620644079
818739258
634708848
643012206
776955616
743778944
623230461
638868904
735080089
749607491
651763975
721351190
856472646
78060668X
860142345
648843262
624579913
660766698
769520928
72390863X
622374885
858176688
687538300
835398560
635297469
656504064
829328904
642176159
749591730
78152430X
720752167
617379998
630136963
654012415
623028395
749876832
787353930
749837039
687618444
656895446
832071404
746482760
828590079
729873587
665514506
627338259
654799628
746223498
846808897
623738511
626789222
656575662
717914720
860144003
853469555
629522561
636824721
827666942
62708219X
869499750
749554738
745433537
780035062
635691566
627886094
719904978
860337510
656660872
642363498
768667208
624578666
688823335
772439567
644672935
723786828
685201422
720182913
746288158
782272487
871299534
665316623
64476788X
719252660
800167333
880740450
812695941
861708598
892645768
858608316
749737611
836712552
729724131
871960826
770144527
642169470
868650927
868023906
838257453
687803705
836142403
77598311X
861874471
715354140
654203741
840592752
815313764
825938252
719847206
636403912
742252922
672603551
665592728
734805683
728468948
657441791
717363813
77756937X
73547205X
629466483
800166744
832083496
860140024
656938536
826228518
680190023
627707696
667980288
642615705
735486980
66760507X
770708595
65449827X
668208910
634509403
809255669
656148292
672454246
829766065
722061781
622412183
827386125
717562247
856334480
719308720
742254895
641698321
735779295
688276733
769522009
663885949
71821112X
768261805
663677394
671627635
859466906
661845559
656071796
718828240
824426894
66447019X
853789312
660731452
686615077
668644338
770458084
846916312
675900867
627569153
798943149
726445517
737811978
665464002
840786379
66937105X
663113652
774887567
806934697
618636536
771338171
84605308X
618819371
684371618
72754456X
624757447
720229081
642365296
655964428
747248508
861779274
742680061
841217157
835400050
740836900
892645210
785647252
742454657
667649174
784139423
666564469
629630445
766546519
687687861
741241064
82788219X
685796612
841184062
864248628
719465540
859323331
771918224
731562984
815728395
773159150
674654404
651758319
85896466X
731450825
656558482
775227331
827373023
635065533
83020735X
735567247
629785902
798641231
799250740
66432620X
785272372
654503745
632117788
715649078
860163830
715008684
624669491
682918741
688853560
667979328
717405923
87162074X
86987313X
734800088
719953693
73005229X
636820947
715586785
668896892
640791824
65939524X
845651846
815769873
654669910
738517364
661055639
742254305
86125063X
735607702
641623119
65892849X
848736885
729571203
841192421
787715247
730434915
644183527
668647523
646884247
688542042
861869206
838221610
625878388
789091984
718442075
767226631
660177773
782438091
721075053
641054823
688566081
722392176
788991698
619082585
770594077
716271958
86177633X
631992189
838005470
809053667
747330859
796576920
674632192
772602212
644762349
834940833
857728075
830202218
719303796
684262045
835472507
778183874
893536350
72154178X
656152141
820009385
842141049
742471497
837377498
685099385
728477912
768205433
778750094
689477678
640768520
631325514
741357038
617565198
685103714
859259862
68953003X
654499470
674621409
634622382
664326447
781341302
642402523
688845703
690225601
769908586
742253503
640748473
734600860
656179384
858939053
734098871
751167975
833968084
679601678
746692765
867944390
687678137
777394731
847313425
824078721
730527832
826090931
688922740
835080277
770390102
769993567
634120204
620380381
621090123
665300662
726671169
722207360
72914738X
795263899
734372981
86180466X
642682836
860134075
86401516X
665572905
83793057X
623835495
838238475
860491145
749876921
869726625
783737912
736112421
631290222
83447851X
654677360
816509913
671877283
737448784
733813356
814198619
749607653
870115898
633686964
837250196
860363848
729854531
63798711X
662348966
646476998
743631757
658123475
671100319
735678723
830109927
746352891
663105390
718105303
63463416X
769508839
731641310
672327368
731842553
826774725
83738527X
646232479
71593385X
847848868
829096264
720227410
688154506
722918054
848560159
774540168
62032063X
860174654
858598817
777423456
690224745
838465269
742719731
76784548X
867480270
842383999
830326073
688807895
673075036
717300609
798719443
684365693
716627779
663597218
623455625
662038185
715644181
663596637
627765122
636113272
729299864
78864971X
719816394
862377188
687493048
827371799
726302287
73532753X
641621922
72617968X
68421976X
85819080X
689496516
833971034
716160285
768467365
703096400
617076952
865656665
690262264
770389279
75602112X
846472686
632682272
815348657
744024617
669024430
633772402
735200122
863536077
687615631
621231622
641463847
660935465
770195652
774884126
718797051
651744784
719532159
78843800X
64394446X
626572371
736596488
730552438
83731125X
672335662
688543758
816153868
770101739
632674482
629767297
634978179
663886511
72961641X
729723666
883814730
722883129
655984224
621021849
841409102
729727017
680592105
668162104
643928839
642998175
672574837
689230419
768193443
729618900
654206392
644553596
735730318
729001318
654579571
826741762
718508491
641663439
619856785
717914674
828747067
734405847
784281696
63849107X
71727733X
631277765
687926637
779693795
689704895
627850529
719463637
717362590
665515448
86937611X
847180867
868599573
687567661
771268939
634950541
668563788
723752281
64045948X
857732161
671008633
63495492X
620426748
816159904
635910314
639464602
647433907
641665520
829745718
65704718X
720194423
641464460
690223749
627078230
727501364
687527600
722926596
747233004
665554672
671081764
659377411
838737250
841180431
749667699
715785605
727124110
717896005
852695934
743954084
688730698
671113941
835029255
729448592
769381456
766696308
832260932
859892808
838022502
846379945
748794921
768679192
74406726X
769977200
842393447
832390631
880857722
732414288
847858642
756351065
814429416
824075943
880859350
812862171
862518237
77975333X
766695417
669220191
837737117
885333810
656957921
721928781
812610083
835386899
65615344X
774706627
779753917
882929496
768172721
730231348
862836832
833989243
79526383X
644068744
828678219
738218936
674659139
774604670
86867026X
746532253
717289249
640354092
72689768X
745201954
834517205
632042001
66409063X
837153824
750527277
77126738X
776718428
784139679
82441537X
747420785
626692725
61907504X
716093758
719329442
774690488
720570492
656930675
773797807
66555348X
768248078
715476157
633948004
644440406
71566123X
799282421
789626837
622379917
68320274X
725926678
68577600X
660749742
750192232
838763383
651732794
737133007
648838447
847543765
719229375
866762841
742073629
794171095
621083364
642402612
734375980
837829399
821928473
837311829
816153507
673074099
737915994
735271410
667776729
641916620
618744762
638183804
657112631
719101255
757169430
719732662
774686960
836031954
812331338
667980865
827001878
64449963X
841190747
63055790X
669218758
684259206
734373740
620323531
750530316
84118187X
615503942
644937920
75019393X
840208529
683492721
749836784
689588607
770107958
79526397X
810706512
83239761X
717592189
747078165
736639330
838538371
687805929
717245934
63233570X
805468153
