655947930
749489820
728982722
840673965
634252844
825931932
664669395
717437299
716156008
725360917
65944075X
654939314
847629368
774161647
819655678
665464894
837918847
798628936
687857961
729714144
749343796
656736313
814757871
637737849
668151498
720587611
735215367
722948093
835306623
770129218
853805288
835308863
655946764
793146038
795259611
65623508X
868582395
656957360
827092539
833187406
74627565X
72240459X
656007443
645293830
665640552
734555180
735745609
627345921
862761468
621469491
62749949X
805510141
635285592
723890501
730744833
803510233
687547199
663678633
671771515
718305140
747323577
718935675
619078316
729747980
665458347
822873982
636119068
846584964
680137076
641215541
657444030
675450861
668105267
893523348
687978483
656580518
688562647
738050237
645192651
746601603
726230669
865966907
719840732
78605946X
644937963
655625720
769768431
835254321
83184938X
745272444
731282493
88396001X
781612640
827010591
718723147
812446224
623753359
635691450
82676813X
618575790
688272800
747230803
723892008
656727195
666169802
729708896
774887125
831838558
746509308
840002343
641725035
86175090X
72052279X
823373509
866567216
697260054
741333597
757110592
716620529
812612531
845575686
662313313
866418954
685386910
827676778
834854546
618836233
772457417
633005754
664340245
64019043X
672334003
757169392
786954302
622703579
715286293
688055605
867805463
870587846
715461907
729966305
626456207
769170404
891034714
832092673
719021987
777021226
801004993
86744312X
718445848
722014295
820557528
626583861
862969557
716152541
848561708
644270047
755779940
747604789
668942878
733259758
638405653
837315263
856562289
641447353
756759137
770204341
74225397X
747583056
68399252X
685088464
719718139
891948619
820592579
834833441
640395147
859165388
718448901
818000031
636782301
794144128
643932526
728263289
641149182
775832871
689063008
716266660
831994479
751414247
642528314
863106110
858176424
749583223
779249267
737812265
663968887
726348740
631910247
722306393
723540519
750527269
634179632
687487382
815349718
69727120X
781810310
734406150
817139079
727497197
655981454
66367154X
723332231
82288013X
662348249
723717516
728887355
656006447
641998570
665313233
834579189
672976250
779185579
668565020
690229895
631236961
860789411
634257846
717399362
644455004
640482422
726670804
685563456
891949739
689466897
73607936X
741339668
767428641
635920271
780000633
871258404
842376585
860295702
715647822
720912415
723930775
883810328
746601948
817965491
859261441
722209754
859460177
722281196
770971059
74514263X
826739466
798976888
690162995
685200884
741504014
664022286
732582938
835461823
66434965X
846785986
689175841
667858350
738400106
817158987
624750434
669463272
634627082
742689697
656068221
634492551
654530726
629630690
622421522
622673424
774099828
745602266
836015290
827953402
73409003X
826814999
618821686
663875161
671610090
718304926
74721168X
720199980
662136438
66777646X
840209614
777105241
685386708
769102751
729451151
735723494
751552682
720843502
742095339
835249816
66093082X
668279370
715353047
68951879X
749608390
657006491
803521235
679582118
628488106
781612322
642319162
688447384
669338036
726902055
63462329X
689543158
670185523
843543841
719910951
723945209
814198023
871267551
669706531
749826037
688274544
744085837
733867995
688845142
717980618
715202650
73044550X
843969644
844202975
730526461
668104279
869389696
640807682
835868680
863023398
635247682
62731628X
689494114
716003759
84692188X
747410798
746955669
751752185
839966059
728917718
868292486
642699984
670504017
619832525
768467438
818343796
771060246
684837935
829093699
827086601
684533669
827357869
719799880
632796669
840208383
729280500
684260131
688554377
825932025
816165203
68921667X
750209313
634491768
756558786
825845262
734376634
670389609
829081569
642373698
733742351
766575993
664278620
668030186
775779326
672975645
822341743
668677309
672749238
739946463
813659574
824413989
642037477
76710532X
77316054X
654570566
832093556
734425287
868637165
846391511
729579379
737132159
731583914
721925332
687976782
655601287
821492136
689477414
751870838
654068534
735195161
648007367
726231185
749838213
81897477X
857562126
651732921
723542805
684930420
688336035
847542998
750194294
770551696
785826955
632583460
858779420
818991143
750977302
72713745X
688942547
716270056
734915802
684424460
657051640
689366213
715203983
654077762
822082705
817497668
66904055X
637707389
689579861
684756137
749913916
868727512
723329257
749913983
779788745
816506094
862638305
750245042
81293783X
72844061X
715203347
671780034
717590860
782965083
626643538
63657802X
690113102
638189020
684436914
715520563
647648458
654921857
65607213X
642364346
680547967
749709065
715782460
726066311
769919553
734016239
640384382
654991642
62982309X
87092821X
663598214
647533995
832273333
766180891
834460955
65522338X
640593690
784594562
719790352
719005604
752406833
642367329
665571690
72215531X
684438453
643939512
648857948
722017790
751414530
665222505
776694073
715976079
644672811
664504019
72377661X
867083808
682493961
741238365
826772110
865923582
719256305
73727512X
687843928
640676103
720853966
738455474
718820584
665568711
777361655
741240785
861474260
666176752
687867592
661536009
864800835
731522060
726000582
630928584
716574985
85978469X
644554665
728986728
826808964
689049773
866525580
786057394
672168200
766752127
662326717
869750704
637729110
863520227
730752968
72156190X
623737906
665808526
729056163
835345483
68609199X
744092264
623194449
718446380
646448382
825696232
840100310
773561226
687473004
731836294
773570241
864389434
733613012
653752407
667382194
722392400
662508459
816106460
67036214X
656176644
836321359
729703746
756021413
654381933
623234939
845731572
729714896
870170600
684698986
807046205
665463502
669591351
745868002
718138813
632091894
667381333
688336388
826754317
719055245
859148718
726066788
687797829
866405682
746981155
769837417
755285387
727387987
653863896
89353806X
840570198
828689458
834728990
798977272
828754829
749666447
655993053
735745455
67192477X
689493118
669150584
636820688
730463311
717887596
717980294
73608102X
702964670
768139929
746824297
832390542
682493589
668286563
826896588
733900062
635692139
718819381
843552387
702781169
742256235
76793444X
847502341
777359545
829342141
817141022
739401785
737470364
654420068
663573971
663113229
835263673
64095460X
812713478
626819652
768042534
857813951
755454731
798489995
668646837
689226179
837425875
632797061
749489405
782272541
734121490
779697170
771285906
838016804
702965081
777104040
662310780
632813490
77524306X
663885760
742495663
835302911
725512679
775243426
769383696
862518091
651762952
687814871
770699472
721921418
644663448
781832012
869537229
820552674
781810361
73653315X
725806435
74226601X
688189504
726066222
812589548
867000872
769919774
719329434
658936980
689493754
663676592
658944487
837314887
812699521
747851433
744087368
835548724
772085455
84020910X
633949078
728973537
642337586
867164778
723891893
636141233
62965946X
668063270
746576900
728888777
773446427
715179195
673087417
729503321
722374631
766177424
644142065
73564327X
630186561
723750998
749492848
841301646
72928154X
837384559
817011854
687802415
668031034
826645364
72085377X
788441191
715585681
766582493
653868235
737680512
857548441
667699007
661573419
781810507
766176894
863622313
770505201
779285115
829140301
721218644
640473113
634342622
858178036
818693436
744086558
750555831
745157831
796357722
656175958
741238179
719323045
859778967
672987120
638001129
719844991
738557862
839772033
661572927
757449638
817954848
715692852
837379873
646496476
859828727
787952087
837287138
717454037
891034889
719308372
832188093
734526458
749872969
68791809X
717452549
72678169X
646466828
728890186
662037863
620124121
717078612
637981472
657444383
689271204
832938513
657517496
778562883
781612381
838015395
805622322
777362139
662303504
757232647
619021225
84078676X
737128070
72195491X
75639516X
72988418X
673075400
637730585
749763272
719508282
669463310
660174200
789832933
845725491
626819962
869434446
768138728
734541872
860773655
726675962
736438211
632336994
827150237
680597360
778191516
740797867
667747087
835383016
718306678
65650224X
641219660
630864152
77260181X
623737604
730147193
790029820
745273211
838016944
773006885
729723402
855915358
746018142
839150156
780150392
671874268
640219799
721577377
768205220
631207910
826899587
767019202
863939538
826742726
821773402
863855660
729747956
647506440
68745543X
775152226
667096833
654203016
742690946
66362133X
643912061
834708663
644550058
833616692
66799579X
756759420
78203411X
746311672
66420712X
71594455X
645822647
640163726
684084821
720915961
78614579X
824107705
736698655
729556395
642842191
623452693
726582107
769848141
829335218
739331973
82664595X
626958709
779248651
743676823
640803652
688388264
826742246
73258311X
641884478
646467131
664291929
789528630
80550995X
683494112
866203230
845585088
72411548X
687569893
729732363
845638211
839472064
831940069
770144381
742389642
664483933
734606184
672466694
687939666
837999170
647393530
774083271
646505203
841189668
656505982
636064409
664471307
718819691
735804575
745129013
630944938
672603934
86419580X
656180242
629685258
644133112
749711272
859773345
869042874
687869943
833820273
822078732
747115184
775768928
728233037
66921809X
726364819
83792961X
663106591
788765043
741119226
654420971
68537372X
827672233
71993317X
835029999
723908273
641998058
667709258
734814534
716096544
846928078
631104399
738498033
659482150
769184901
668643757
688368344
62679725X
644454504
777106582
684458837
736726853
688376207
641641710
791466477
685615545
866447768
788502883
833045873
684380692
863202691
619853352
767105346
842233377
631460934
773030107
816218579
640952194
720841461
821113666
656751916
868858609
860642607
647480328
659507676
654666601
729501183
819578185
654199442
791250520
770081371
750530391
719092272
771338147
685542602
773567593
624364747
756933331
729366545
727031015
74960767X
815235038
667353356
703354094
775083631
