81478447X
670039675
747324298
770294804
718934563
622639951
646478184
666567271
77020788X
718181123
773568662
677738056
656077182
732555558
817961143
86621206X
677755198
726449253
725989262
719555248
770743048
864003722
787775592
636781690
655559337
826759793
665459637
865657297
833189255
689474474
655158588
62296660X
735425930
750604662
757125336
637079655
77508350X
724224920
672513226
858168243
640472265
756761050
787488631
738525758
735672326
74635200X
869377728
665325193
820033375
668031972
642414173
660178648
688340849
775977543
626701481
768156505
667602488
665312989
719152690
662325710
747078386
715929917
835531694
816564876
771337302
721965903
62518436X
659504626
665809514
717453960
627697577
869377779
835260607
746826672
642842280
825726565
755386469
720121558
767449908
719300363
640954928
65173181X
779431707
690238231
767809815
866454306
837304202
738442100
71593421X
644906324
647853108
71743060X
684350173
77033704X
631278613
687495377
774679859
751088897
730680584
653574347
719485606
667866108
834516152
687609046
839456891
626010500
755779061
663370566
798786221
841258937
730149064
775923710
689063881
634957996
815895941
827148933
723738432
742459446
857197878
786423641
64379719X
755547012
65812398X
715462466
623452952
749579358
729717291
672451174
64762785X
657386669
815223463
651696437
734870132
641621426
871257602
837233739
642375852
820515280
859158918
723998140
719668492
632337702
816574758
835303462
680555056
860667898
689499892
776723464
734988672
715697765
656920580
862741424
625173414
785877096
687688329
870657771
65701558X
65701141X
770374670
645276197
716654342
86644419X
745602584
826095550
76998729X
662325397
840672616
622760831
746623046
728892693
822027747
619966386
67192544X
738391336
76643625X
688843875
895878739
730521125
687582326
730553612
856996750
832271519
668643579
722279957
683957864
71730308X
826112099
664327028
62571539X
715709143
715716980
721902839
744021030
647749823
733705790
689701993
83032996X
726805440
736589627
786059680
772804214
642017654
64337910X
717896315
630949166
740933388
755279921
66769787X
644080558
83447445X
728892464
802926452
721226159
687867878
819049018
642369992
834614243
767872290
833988840
641068778
641931859
766580911
799312223
718508564
776496689
779432614
662031512
720579805
791292568
734538197
737936800
845739697
636081524
844420964
867808713
729364097
664485251
660162113
678783888
838523854
687870054
73727493X
770184006
657464597
66944166X
635670259
846229188
862462975
738516171
865855579
785305637
747323976
779697065
768453380
657008761
848978897
83802047X
775082740
745598765
63462265X
684986906
656740388
745615899
860012093
798641169
837244234
726352047
729965317
817139982
722180950
72822383X
673074358
661503798
641974493
794144586
723788987
742490750
775981184
73820420X
77356876X
723890811
642615934
826338097
656893664
788617265
799947717
672625989
730089983
734413912
827811047
856735310
643940677
667639705
859784169
647533677
716628228
732556422
789775743
81478531X
820466573
86596744X
796723184
815347375
745429165
824421981
718168232
719404886
846222604
816105960
729579166
643786899
834574896
726585459
729553973
842182357
689370571
685103854
660926261
677739435
735571953
635715201
720914566
781558220
810613581
66367509X
684432471
742560082
746279892
823665313
796357684
727075659
817798242
727378414
773570152
779698029
863850340
630140049
664021115
634486888
870110381
863958338
684941511
716359847
720787688
837391229
869239589
730643719
729514609
73053927X
664257909
750627549
627755615
779721462
68276096X
812712897
880714832
638254957
685798569
862706505
689048939
799695750
735485895
630966907
869397931
629822042
78192538X
834479508
829274456
656236043
641323565
661598810
832075604
726582204
644434392
810603608
722019645
731521315
833282905
737914114
663447828
618732551
630460469
828684588
719973228
619834072
826897118
73160458X
718312503
782452396
747232180
841197830
747851409
756488028
76626422X
834539640
826741452
667349154
755659821
630554749
768635543
74511833X
887747604
821579347
637730992
751109177
638203589
66531308X
668115262
66545385X
667382011
657438928
733710387
837318599
857459732
622998293
662348737
768997747
647473836
665460708
623744082
863832717
667460241
744893925
769904718
734638620
665334036
74759144X
680280391
722295243
735804877
716625385
779340949
737916850
641684606
683931482
636311759
660731797
72956570X
789814536
696799421
730236471
732082463
745155863
810607417
638754143
620015837
767044924
734981376
641116888
685799409
816880204
75636521X
889499985
770497535
660178346
793156505
749339977
776136933
654044082
739802887
827673507
767051726
769853870
719662478
73980233X
648837211
767213890
729883892
669590169
725518871
655569626
622391712
787489026
796338051
679517162
741292300
688809561
812762967
635030721
654220719
746510918
803964684
889242739
686071921
689498705
665329296
65738769X
726887137
687790107
685543072
82407825X
665255977
68925895X
841178208
746584091
774674873
816921288
72084648X
781612942
653866798
777417146
85269167X
618789421
685790371
668827173
657076813
672321556
749355964
721961088
721971210
891053042
690219962
71601758X
871298481
77302414X
719933463
717245748
729860159
719304156
736636803
626375029
747083908
687862663
73638930X
769356257
723589461
717288269
625027876
872935019
756429544
665546211
685553132
86374558X
726581852
621013625
757662021
682507083
655501592
660758822
83429592X
73527732X
717773604
677748116
654074321
845548239
688247245
734402163
728445379
685181537
632257067
831827246
789632039
627345379
719543827
827925646
722935250
741286947
746827318
735018359
731664310
796331685
835279618
729005402
631004971
719118883
824837754
685397173
632811226
837897580
750073039
872933628
812704290
665333544
862602882
642172471
641608411
861811666
732057469
839750625
680189599
648004996
622966510
726014915
663113504
719794897
716235765
740796631
776945130
689575904
751350257
685378624
64712615X
76702365X
770794157
622428411
638509815
748793550
725921315
741285487
644637765
717455890
647728044
716185636
805356932
623193469
86341723X
739345885
768210364
720240247
718133188
728489260
768681464
841192979
815345151
745193013
735269025
815231512
728985535
679727086
829213740
835136213
684265389
61857722X
638508916
616762720
667751858
68394651X
737448172
865954828
724286853
669008907
773005722
868599972
72218459X
768465036
645280011
848717139
739408003
62475605X
627338623
638240115
735269343
689536755
622379046
852489986
767200756
644665777
653870833
66203838X
83462026X
647393794
755815882
656179767
796328692
867084294
772070369
616888511
832939730
684913968
643944974
719308704
721544711
870751085
719471036
622712071
736643109
729864049
751183229
815348630
659407914
654218730
66902810X
797480773
629635714
799315648
734542046
627684823
646501542
716271222
640608019
86778248X
833486101
841197741
664471943
733630154
689817037
864181981
766171140
665802102
863933688
641658273
647466198
724299920
640052134
835095908
666388350
688596533
749872993
720221080
865632502
645281069
646453955
634598473
688711618
85860051X
644659912
665300433
746003005
648823210
640806295
620385677
664547192
630149372
750071168
868596108
834533367
654679134
788763628
651738628
662523520
672522446
86106089X
76939518X
717398951
716255138
83737975X
635973146
818841079
788387111
653871635
634014412
664547613
672520532
737284420
793884888
689488408
869033581
720837707
862756855
731282817
682527432
66427112X
741138271
684531704
641622619
621644064
840115237
817496203
824820525
867081112
77013548X
678804532
657404225
653804512
657408565
728463849
756550491
671182080
654588708
675802601
644502789
662523172
672450739
725509783
72394797X
826742432
726703990
63678150X
869453912
665958145
654678448
818630582
747592942
629746613
65437919X
741126257
859461424
771534191
726347671
826289231
835262774
614603994
740897209
659432781
734659598
860330699
837383986
722190379
735973334
728917564
721960715
68859672X
630212430
837931940
682759279
642345775
618949526
72608378X
782036236
668641355
839451237
654938814
775840580
644452730
641980140
667862609
842183825
684434679
728128101
789853167
776712942
833122886
861786343
665464541
746687281
667837574
638566347
755780930
856132454
685555658
717737071
655953620
689232438
756513839
667028536
826225721
840106300
666707421
663581729
682492647
856218820
750633263
778568334
636366901
638951003
738206008
833140795
876427441
714987751
718284674
780563395
824810880
618805672
737517085
654870632
840909780
891053492
827123477
687680778
770626688
73855815X
670499013
774595957
734805446
81064701X
815371845
736077340
68906313X
872934403
73360496X
682509361
895877791
641149751
727387065
67774689X
641921470
689219849
642925968
689288808
620618604
735490848
861866525
718077113
859480208
827370008
724903836
782705006
663330572
717189422
687522587
726657794
631208437
664348890
684373181
647489198
654025401
656757760
730398803
835401189
685238148
750527234
688732496
719261988
654801770
837375932
663371643
665969821
717277070
768615925
773023399
687548500
670808512
655952551
715115243
826814662
825537630
867803827
818668407
72961185X
643813659
671015192
74651090X
727122460
67959745X
734645198
723867682
746342888
841163839
736639845
775084131
875703712
790178761
730681157
881608912
794143814
689067542
769099823
774550686
622673580
656079266
866417842
841189196
856488518
662301161
724876499
662316223
685094995
770848745
690186312
627201210
720228344
86330060X
632364408
735333114
733866239
719941539
821114271
722933452
715006525
674622871
63850869X
840892357
741271915
670298980
742481689
629780145
745467954
686084454
725507535
867799730
835139921
687812682
720941482
837874157
65610094X
717749703
770744095
723891400
672745208
832632937
812566777
726737690
770833667
722276850
821263374
623229773
734606591
770923755
824106962
747406154
739963562
858960036
689480148
859694518
837379520
798875259
641986092
678380155
720917034
664335667
731848772
766693082
655993525
656415916
631464034
736224076
729705242
835435105
631305343
86252962X
