774236027
642926816
746340281
687962226
640353231
656071281
668126981
689468989
810644711
858938057
71828688X
647487780
727870947
862748038
857428284
735332428
722310900
629767211
66367199X
728332779
672531275
85961929X
729539431
647461307
775828548
717567869
63504580X
717277984
866826726
626590795
729708527
840988656
643936378
750072636
730750485
667317538
734802374
741346710
842171576
668677791
647629801
739357883
721347673
647548720
664472141
722942281
735213550
772120684
688566510
736534261
63836678X
737508426
721142508
690194072
834024373
835030679
766694259
625120191
746994281
841180679
805510052
870795937
750182873
683947389
849707226
777239698
866211055
771624867
647507552
672620391
665607245
756929725
630184976
617403430
647876248
747236305
781934974
640611133
661056392
781525942
718149793
83348754X
767201221
71595587X
768138582
618533710
635909464
860162052
686682106
832383996
727392611
675828848
767044835
751706485
724258353
827085281
834477963
772574545
772530874
867093560
61993512X
73053751X
671414003
732556066
816508623
869862081
67582009X
688586198
72009187X
672335484
831868031
630990964
647506270
648843564
672522284
644551798
689176813
774479248
728330032
820556157
637824989
734923155
717588300
740803166
674645847
663876532
655600302
860332470
719118212
76669335X
68439541X
868706078
736114793
687789885
781342759
837921848
62102452X
87075047X
642536600
653869622
655173641
668930942
85269671X
736543317
861688678
74238943X
824414691
863929087
827150105
667982787
853806969
841206120
789522586
723942242
832939994
866763228
769525113
745851517
834992914
768262798
631209670
720288959
665607083
83457439X
807049182
664652182
864779186
640622720
715987828
682756733
644440988
668209704
729529525
669705004
640580688
661043045
736431608
766581500
741225182
66650735X
731518403
629462186
730916081
860138321
769735738
665570279
634709143
66420886X
734605617
82562472X
814187471
716010860
729951065
675797012
667457917
859618366
720773504
780698762
631290613
84692014X
716090422
735217904
62120661X
788485512
68855301X
626959640
718044924
672628988
770628672
841193355
865598835
841199825
635045664
658940619
825931754
867080000
662522877
656579498
769834329
657014524
74245598X
77059798X
77010195X
664469086
835088146
871268612
78842338X
847303276
690076975
735488223
735725160
623620332
654349908
685573508
670300888
891948805
743962613
668148063
720942136
654206953
638133068
685573885
647635119
63798028X
726285609
729474666
733867782
768205050
682494593
769841120
742502848
654377545
66554555X
744086310
630490678
72191778X
73033578X
77302669X
68561574X
745135722
73808400X
769731856
659409658
646497219
769521207
685800768
687536960
862741807
834020882
620938579
668266597
76654625X
82683258X
666171572
766695344
730746259
720326281
770300472
835397076
815277210
812709535
688940943
819009040
780878167
737465336
623454424
687789419
770621074
628488505
836314069
767105362
734979975
716641127
740810006
844429848
654802645
622721720
847178811
81664540X
810644622
866996931
690078080
719158877
723476969
862743265
669423394
635339676
736698973
727480294
734914229
716633841
722199007
731306031
687527929
684532131
727383442
630539626
77708175X
647465159
727453432
647741512
798641398
766741400
662028554
750444207
656906499
656875984
720819865
73935051X
667868550
803810407
671921495
857547968
617360472
815601514
721925162
720915465
68925637X
720942373
818344873
71600156X
641067887
68437126X
834471426
827003951
689067720
690229615
638858631
862072670
837306981
84408736X
827150326
736229647
718059182
735195919
688731473
744067472
638211328
664354882
756021219
735724997
739333496
83396240X
769521312
771010842
623135841
789657244
672453274
719551307
629485895
734415761
780717295
815601646
837378516
645281239
824814800
726231169
672221829
719966604
669155446
745602762
818218290
667321322
636826198
864014244
625771680
643964606
842120491
715350331
733883478
661584143
688527485
674636287
812702468
622670697
718285794
799948942
635914220
644390905
766692787
685104036
672452065
64739457X
755557271
769768482
766353745
716627086
717183114
775977683
646482173
661505340
743885589
61985569X
771935978
756691184
767022432
834850311
862973848
719797209
64168360X
687538424
847165485
717830934
750635029
683931598
631208526
745153712
731562070
816109044
720326818
726743216
654821976
792716027
766374343
718223705
860850870
72233270X
838014313
724286950
746623089
637722892
655600620
835300749
733802990
637080653
726439975
719946476
660759446
667353984
747438811
819043672
721441238
746584733
770012485
629634254
788652710
632120282
819578991
62699893X
720797489
737578513
729716643
749861851
838014534
868861510
631875050
869392875
777854538
813655919
728191687
625029615
841159998
788992678
735083045
658934457
746599927
687988357
637732979
680587772
778563847
773974121
631902260
813064066
877487251
687492750
77153986X
726201545
621180726
832274593
774701161
672626403
721963765
622636499
747438803
76744230X
665560583
719557666
71881861X
724112936
722199244
781893224
779667255
858176610
631323287
661023826
867882077
630063230
62266753X
848725891
664274412
669219304
641533713
720915333
812576640
771379951
684244330
685363112
749758171
775841676
656006978
647450372
662349083
689287089
653785402
631481281
834475375
640028152
735812470
795242964
671610791
812434447
768206553
770947948
630184089
863439195
745602665
66485043X
866555455
824431391
689590237
772530688
741118564
776394398
637205758
885333675
883815451
730878341
815886748
726346721
834582333
860376230
789398346
772069603
886410991
655173234
788990837
715916181
745166873
635130637
667988688
665562446
684998726
656154659
733460097
870135422
730251977
685615235
621189391
756021634
716264900
646454218
641115768
66435100X
749913088
837285224
746608993
651734185
752213954
793145279
655175733
68056232X
730253791
781230802
794144268
729045129
740932918
844213977
730057550
750288663
730222780
719932866
722370504
729849384
805481699
826604307
840109490
863744915
641068360
777373904
645172235
727576542
815430779
738556009
856327069
630952914
636825299
756383927
68665434X
722389892
677745486
632221135
833356976
747121516
848543157
741333236
79824674X
870751034
662348761
640949754
626792207
866667075
865237816
671627384
816648468
769524931
667605975
860788571
729057585
654070504
661663574
664346553
842362894
793157854
688589014
618639292
838741568
730399974
684551659
720913195
657441716
718284291
685013642
731856783
667699848
870125060
653933444
848050436
860177629
643801308
670484830
660176963
86052356X
832391883
627345735
82748996X
730473465
825724422
719387310
665465831
724885196
756384060
834231506
819563692
644068329
722933177
637057899
774680105
675470048
715689665
766546438
654376646
730511790
636772837
61881969X
836144937
866204261
841280037
750458534
739418327
636490912
833129805
806852704
726482285
718445066
716246120
729513637
641020759
781612713
622963481
749665475
815226934
824476433
84098717X
660940558
837245052
735076774
863132081
631925392
835349179
685227960
73727462X
739239007
653945574
86945210X
844101834
778411850
822013304
68981139X
730679659
781225256
623587262
835234444
634633295
663114098
641638256
810613921
737119071
642368503
662119746
755675290
769379885
690195524
672623722
791467007
721952127
688566758
871017849
618780262
62664836X
837237033
817501185
668859709
737250860
690236689
667870121
735810672
772449791
749766204
847542890
643973362
720214440
866221417
855921579
87012191X
732453798
867796782
670016381
719677726
837936616
827005601
687059607
74542936X
71993558X
780427424
719915910
665461305
670509698
834619601
829741208
83588712X
730641252
770010571
83321599X
717746704
749607505
668207264
86271561X
689486588
687866480
818983728
768467489
74732414X
722920555
769768342
720419468
735567018
688368832
727869876
639468225
715721038
870171569
654422095
728440326
621631590
769833845
665452624
867782048
783133987
735271062
679578617
633789321
684108178
735216053
656174803
853488118
766171604
64754380X
882928813
846925036
831939621
756785618
636083217
69022964X
636781348
659509938
886411173
684538563
756691273
660751089
631303324
655614893
870267868
687698545
723746532
77696495X
812936817
845641069
656177543
639712274
623599694
682448214
660930919
66914309X
689209398
770346863
664422438
729040216
833123629
863028446
661917967
682529699
690137907
818220058
638499623
809026031
729723763
631278087
68555144X
72673795X
793145910
771617429
663657512
757531520
664340121
86858066X
751124567
832066680
863115365
776933418
749754907
847278476
868589934
717737144
774700408
661484963
665598572
815767552
657063517
635714086
846741377
861512111
690229712
71742054X
827010044
873311760
670484806
822341239
71657473X
669440000
750632747
729054667
728988208
688182682
841186790
746024118
619952202
63494990X
629766916
717245675
78900092X
635957027
807115517
768212529
766581381
812679350
635046342
770731740
687788536
768611059
831867833
835096297
827488629
768634261
645180777
632034238
634998234
655747796
803505310
847222438
670484865
671650548
727544993
820035432
634943502
856976334
767870417
835238555
645273805
83009055X
742078159
74270985X
63593552X
745850294
84089726X
869750429
721273998
675904803
669592919
716267535
640617859
798697377
637077997
644760958
625714970
639009131
820614386
777218127
654801606
729142701
784250995
757402089
664336396
735780560
738553832
642183511
739334220
733823041
718670205
834231255
671628372
684775492
775977055
646254707
756609283
644667524
859827526
67943528X
656893206
688959733
641322461
669994340
666568103
68465119X
868635685
647453886
620679190
656177071
864338007
72989021X
721577849
796825599
837317150
620939095
834232278
743955129
630182620
84000043X
733266398
880857579
689469616
685026922
624785319
630136750
831840331
669222712
770743218
796822611
686078039
77739054X
82186114X
846988771
666505063
632681780
687475376
794143997
768042070
812803493
684377853
861512014
77582870X
654013756
658123548
715934813
622987461
833835521
65595452X
634339699
664329675
834534207
827064098
