682492973
872163091
715644432
834608693
832271063
83802081X
792715853
817648089
827003358
636084345
668660295
687980283
816264481
739329758
679404090
777012944
745123317
656133325
655193715
653867220
71854014X
822878291
866542981
654070679
654575452
777882329
777058669
688567894
73927810X
626645549
749777583
838022170
858962624
746235488
687595258
734914946
738391549
870576747
63606011X
869858807
77700092X
875705111
719370183
748717978
661023966
621188395
794111580
73075507X
748780254
79923513X
840110952
864489285
819429708
887696414
731843193
836310497
636573737
729633179
655550658
72812842X
641928645
626655765
887660118
688055362
876292953
73601585X
850976332
66904914X
84848777X
660180081
68923421X
863298362
641665709
631853324
76802482X
728829266
627411509
838097693
682524271
780333349
681330503
680563512
718441311
688368506
777882558
745281184
688553672
771950810
638204429
738218804
784078033
663670454
777882418
719544335
833612417
727628186
642767491
665250045
723600929
847673332
718168771
647426250
665964080
846579227
732405505
847250814
745129331
664659144
723958009
688267335
786898968
748784012
860011127
735486506
690237928
627396100
730099628
86333203X
689490054
864329512
745466869
735276757
689346581
641698348
737507748
816510172
834853930
688732208
724910980
798814799
770963455
647735717
668855649
682448745
720300754
840613253
719912601
769658741
663678234
88754827X
769639747
887586309
887675743
768024889
863005322
770473423
866224009
770161510
776963554
661902668
745849873
678372411
891032088
65944058X
777882272
796724555
729723941
819430307
756689856
766178536
678371458
869858262
63073027X
657573566
684995352
799276529
751304468
826834558
833273337
74269013X
74695588X
638281482
622666185
88767674X
630101388
876284292
671537776
63417116X
719571049
86563209X
66232465X
796694028
626943876
630630941
796693854
891031472
721439756
666567794
745181740
665534493
755486676
675478715
834942143
747077681
86866068X
67141514X
638168414
721963676
720912954
689373465
690176201
826832377
71910758X
862686377
887671055
874919282
629767246
785714413
85695053X
755557115
715536958
747438838
77047358X
856405841
767045017
646499432
640251099
62242887X
72500553X
727383523
68517154X
670814024
867797037
663105609
715997955
777881934
792974972
641652046
647746085
667700161
748732136
795263953
715959816
856709956
717474828
75692992X
629522375
845986678
826605311
634494627
796723591
860141322
684432811
814187919
647426684
810612364
77010147X
654014213
773973605
859277577
684235641
736635947
634940813
771760353
668562765
85925965X
766372642
840565410
719155894
737134860
665536348
684406322
820466409
659475073
745158870
685797325
779975529
670807761
71520078X
690218206
667700366
847179265
829342524
638281539
798629193
769089623
688389252
734846495
696799200
871016079
644842644
64746473X
748793933
727870580
634893432
837882346
716117460
697272303
661156575
773113703
738388645
855372524
627597270
66856461X
858560445
746231288
720125138
656922575
662655583
690194706
672641763
665249586
766402770
639643728
745132316
769909779
837160928
870615203
729728706
849542715
663678145
659435802
684430630
684027518
664355013
722029500
635711842
780301307
630060029
641455178
65655147X
737522496
783905424
841301875
751414921
768028574
736355219
672558521
674659589
633722804
719876249
728884879
741228564
654677921
739729713
789528940
670516643
779203305
840976879
804995729
642186898
874914973
756512344
81304281X
717279952
732598540
623455471
688733581
860857735
73488205X
672246945
719973902
79895132X
885665937
876638787
656505400
828620792
770507662
618579788
838014771
655224157
863836348
644494956
731844033
662828690
646919032
828797005
68860126X
81325776X
727532049
718306023
887674313
861902491
641894716
723334714
661906191
770129447
620139471
819830763
735751188
663082765
641902239
670817112
664257135
654420661
622673653
735779473
826112323
767428544
661845834
688559484
679983902
680192514
617377545
856975753
630945942
768608511
775763101
818219289
715206427
835307352
717245896
838007996
837846072
863933068
625311183
778578895
657511013
770565018
662348931
735583641
733704786
688733824
878077804
728775352
837315506
775986291
723362165
837230810
834944928
744084822
841301786
769918980
833387014
729120309
847672050
820034371
767044991
717581330
722383096
871016788
833601857
832383341
719309166
638774659
880719443
746233213
664485804
827101880
833200941
689491980
78723172X
737354097
777882310
770775543
767447182
74137904X
688732275
686670752
647549891
81732805X
80353969X
632329416
73607774X
647512637
723860912
664655092
655848363
665590229
655849009
618534598
654381666
83192361X
625846583
796693927
769394426
670028037
770792596
668032367
887693571
831918578
656734493
668547146
887582842
738187828
721345506
684821443
725929022
769639542
639465129
820211389
71932470X
722597673
642842647
824820169
656146044
773125590
716256401
622995200
715020927
682492558
777106795
635722593
65698399X
730873986
730549356
643965904
641459165
729716120
68607016X
840896654
860011402
734425473
820830259
635713799
730549488
798952032
653804369
742461831
723785724
664272193
832397415
654108234
756456371
63815717X
785273042
635121395
829367489
849484103
838738575
717245667
851711944
688057551
640583822
805002936
719242444
856488755
722019270
620734515
824079833
838551491
687570158
728500817
664492444
620687258
627408966
619472685
660183250
653931271
85890845X
805622217
757633447
653867492
630208557
887580742
732405637
730239381
796725039
729725367
689261403
829342001
862920477
73996156X
641320639
715011987
774618434
623910489
844209074
82975881X
644671092
863032222
857126067
631277250
684378523
725806494
741380609
796693919
686644549
755394968
637365259
777130688
746959184
851711650
632119675
774680415
668202556
664380530
640252559
790085585
868002925
822881039
659436329
738524395
687173191
620657782
624754111
734655983
838095887
747438749
656135018
735923655
86302761X
656414774
778579166
728128292
623154463
65673437X
700624783
632304715
663663857
671622722
72955273X
727623931
734592833
834527235
885664825
625866886
799147923
623227614
716267233
719214718
646491830
657408735
662829042
858912880
777882426
745850561
816100268
823048470
661663108
722933762
726001694
75600652X
892919892
730056848
741120224
887726992
856713244
729596893
768028043
887694861
732457769
796693897
757459153
684431270
729596281
796722668
75539562X
656936185
656236353
805484191
812965019
86515788X
82400549X
75745917X
825530075
671646028
620639121
729747042
790838613
720930537
621016829
655628606
729143880
719260418
65693588X
869055933
662325257
690132301
773421270
721274218
749836008
733608159
716582597
641653581
772060223
859258750
730440850
788762451
846680742
748783172
749711809
789526344
723927669
83527781X
620004053
699924928
630590605
660161184
647628236
644168145
672168103
770134351
646656198
646499130
876295731
847672476
682448966
848487397
770473695
880716991
729725111
655956549
672642255
841405697
71529055X
732457408
745849946
856716227
767447379
870576984
892920688
777882582
755935276
715687441
796721947
892920432
87570560X
805483357
734637233
719579848
756020433
786964421
766678016
892918942
77857962X
769645593
841405530
777881772
812965841
715206508
822878372
87491700X
776142542
890373531
78689928X
887659373
862449340
766402827
796693811
786967633
796722811
74256374X
887697232
715290665
874919533
656237473
766178161
756006783
826736289
766402789
732457211
733609619
799235407
767223977
672641992
775763209
887727115
655143521
730643514
832651591
887678718
81296568X
891031596
805483853
805482377
770161650
887663311
876303319
776963864
799249270
73245798X
729596559
732458374
786967749
770161669
865158665
822881381
660770253
766179052
732458234
856722863
880721898
887677533
65943962X
768202213
786899786
832650382
887560679
862450209
859266192
880720387
87663899X
65943718X
780301382
656134879
755395255
848734114
738211079
885665651
768024897
885665058
684430959
892922451
887557082
732598656
656984643
887680755
656088613
657105414
859277739
827121695
775763136
776142453
768202337
730643336
770006868
818420847
756019737
684088746
799236098
656936665
876306377
656922923
738210765
876286260
767045068
767045041
665249799
730057690
74256357X
837236703
733609147
732598826
734593139
770134416
805482911
655018220
742563839
887669298
780301498
746617046
665804717
860365409
770161421
882306227
875131468
874339014
880203757
883191512
893762296
896806529
885207270
873483340
89048502X
877968942
86983018X
883883864
887555306
897129954
884366057
884802221
884886549
882292943
896172082
890185573
885534506
88001833X
879904526
881337706
881253448
896173577
878102841
888959133
892803290
892666889
876580096
89410490X
89546277X
898452686
881580821
881141844
890470995
882310437
895399849
890888523
869817698
886719208
886945666
893988510
890461961
886939321
893602183
892973684
876665733
886276993
881573442
881470996
878772944
892928034
893972746
882355813
880498765
884617289
884577783
890195358
874316901
886929350
88319189X
883777061
873995384
898503310
886561582
874343003
877894752
890997659
891951466
894818112
881369039
874010535
873615174
877819564
878178120
882377140
874924871
877979030
882228455
888242441
869861654
879163690
888178018
895023245
89123117X
880712929
890138702
870066633
896388484
874162874
882887017
884546314
897419472
872246973
875194737
879273623
898521785
882203487
876665474
890203571
877603871
877612226
892921560
874322561
886150221
884591891
87247920X
869833197
881441767
883962578
881966479
886937965
874006961
897674030
882303171
894228773
884012034
873628055
889090920
895462524
887666191
896544966
876423489
896174034
885208471
87359486X
88656106X
874194733
897665511
87820010X
87738794X
895026007
897855450
884479811
892660627
895580888
881140430
881860433
880306912
881463094
878914986
872466124
897438728
896542521
875108954
872583295
872463974
871453525
895012715
881956171
880489863
881463396
891250360
888240449
878737693
886186285
884634965
881872873
879269790
890198020
884575101
883948583
