83546217X
634332988
622447165
717879216
782272533
642531846
832849723
750746602
756456770
717399230
741238675
773143238
717016609
715203592
824464133
802524214
727396900
689050569
667748296
775084875
789526751
788913999
729706672
837379253
871022214
635630400
841409560
795257384
67005108X
715191071
720823501
722337612
835094138
720126150
776965042
738188328
866278842
625771494
630104271
683991892
817140883
669869627
815224508
815371586
750208856
799762989
830124098
770363121
770001416
812446763
827007590
725803495
690194951
779696662
789435748
643809007
627497349
634169610
826227643
818017023
734461623
812346246
689342284
889505292
750567090
846576821
87078644X
789277387
630632499
655595422
770283527
843969326
778416151
673074668
684379872
869228692
647389479
682526312
779667522
719262518
76967643X
768176743
824464478
644182946
798875593
771722338
743963008
796381364
667773339
770924980
832745464
827582641
71893542X
797841970
728446677
841170509
717596702
830317929
815349130
646256343
664354084
746653247
770624316
641327854
630152152
768042887
835396177
859617203
775227129
631210504
766176215
797446214
86859072X
716115093
840587201
741112884
677738765
644763388
68276177X
612902285
655720162
848310934
771929900
773143149
836161327
626998190
622749900
745433421
723998566
851708862
630948712
733565735
734005822
639737633
721949754
66746641X
858920050
834941694
869494163
719583519
656874449
666389691
679530452
745866220
631910948
771023685
846377683
742584372
834941740
625855779
717830705
755546695
639469795
835381870
656012366
719327385
684771039
668115777
657512508
688952100
734812477
62323503X
725394390
76643446X
756022606
73557264X
715181270
65738013X
719447631
828830827
688818501
663114624
67245114X
805359257
68815333X
782272576
722162782
718542657
751706779
769524176
719455332
725804033
719091306
719397251
858964007
755408268
640951864
654420424
834480417
72391141X
833973819
672630958
74604349X
829993487
642682232
844407968
640191991
721917194
746283881
647394057
669722804
809018047
826834337
642531528
863106757
688038654
64592041X
647512203
867463708
790169517
717743578
664295827
817939407
720429676
619893982
689818203
642681546
727517058
687059224
635628139
671654993
863456480
627485332
870137999
877373892
641986483
642328870
734530633
799333484
66232501X
777447398
689368070
86866023X
688556744
749482427
727146645
771767188
656104546
664292585
662326849
835329321
817492798
738614947
782829430
743685229
661067688
768635098
815273355
757415075
858972328
779699718
770108687
837689872
883070960
86519243X
66191237X
775690171
73240794X
742271501
756343259
887592295
767024745
770108717
76637405X
87745289X
775844306
815217706
838228348
858973316
768635012
742271242
732408172
743685814
767024664
756343623
893726958
838229433
815217617
729706818
84657019X
817685766
845449842
84864655X
81521782X
657130605
734953275
838228038
775843474
889506329
805610731
813129028
893980072
770108636
883074923
771902395
661067432
769520421
767224825
771555237
662326296
868667994
841235074
655721169
740898787
663781388
805474528
729595943
79525735X
615406793
718439287
749555815
767024583
390831395
870298399
751123471
86333556X
719326729
638177766
846582740
674653238
68814456X
619953489
736080058
657408883
738584290
87220796X
643786821
769857124
806818476
638497973
657063770
680564373
717433056
769517560
815717997
61736737X
663781051
669019984
61908121X
684382695
68484205X
81808166X
76863489X
715915304
641458193
729867692
805316922
838223451
846779196
768219264
768521122
858920417
768043263
775689645
890869472
756343011
837689473
766156621
815217560
757415237
86622551X
729956725
890870144
828222460
770477151
813135303
835329445
813151678
837686997
780312503
71569135X
612902870
757117260
847836797
848649796
733999662
841234477
775844225
76721062X
734954204
734952546
717557928
775844071
883066963
73240830X
86323206X
766373924
872208532
734953844
689519370
657131164
730550206
86986579X
795257341
768520444
809018187
869864807
766631095
767019539
77569231X
770103804
771902824
768520746
734980833
858601400
883001306
734953410
769641881
887837107
769641970
828222207
769912516
883901978
734952996
766156753
858976323
770476554
813129710
669221872
738189170
72959565X
848648609
838225160
865193835
730527409
771048289
768521467
809018411
877373965
768042992
76951765X
782607152
751160938
767024788
883069482
734531044
893151076
886397979
875664326
87936503X
887459250
893885355
882818864
891030735
892654198
878103473
894422839
879183624
870070959
893988979
873659112
884587444
894153196
884869768
891242902
890697957
892928654
895242753
880366397
873147324
889089728
877722498
886928281
884042677
879241446
887665721
893684295
88433662X
881144207
884266958
880702389
895425912
878211268
880810106
894263986
864447434
896148882
872729265
89410523X
880226153
894035185
872765172
877839492
876656718
895413930
883070308
887672515
88450042X
880041684
890470650
878074139
879935650
87143847X
891051619
872384012
894696629
885543874
872404129
877724105
87573829X
891952926
875630553
881143901
873615778
886877385
893448486
888815700
883931818
875737676
884508153
89263801X
890866856
874333636
883776138
881255599
88389856X
870052357
869803948
891819835
898168961
882514377
894671405
887363954
897670337
890185220
881280224
884823016
880290935
897853695
871620839
879240083
893538809
898254736
864783302
895580535
894150308
874338271
895248603
873300890
894300563
875665136
877542805
89501114X
884741125
871641399
858975661
782605990
884011119
895135221
880700173
873303199
88308970X
871471779
898752515
894277871
890356351
891032495
886903181
898505585
882224212
886927897
883932598
895620529
881373338
892670398
881441333
879363452
893602558
888243170
881465607
892931167
89588609X
896559459
895884526
884015645
897418050
882174193
893335053
878202064
88807459X
874159172
886930111
885544161
898497957
865208093
873027337
874334373
894693735
880051515
882554743
877374384
884032795
87431528X
873220617
891493387
87172409X
893879177
894155113
898493374
885085051
871990318
896285111
890932816
898553512
882172972
875107923
893991864
896100049
895927004
890192758
897677048
879905689
876379072
880211970
875183964
873662814
892470828
89849009X
877986983
883953072
879271043
898477832
89488123X
878205632
871452332
89421358X
882317482
886553474
878735216
881406678
874959985
896176606
878729828
876374534
898484472
885661117
891229957
883930927
894696025
880547995
884545660
878822798
838225586
815302231
730550680
767210298
747593167
739409646
771554990
846571358
717557812
769999123
655721401
873307097
897133153
873446232
879186054
893732508
886938937
873212746
895243296
891050035
873747216
883008777
872771288
878985824
887682286
889903492
898254272
874396476
87359696X
886289882
884404528
894106287
887842003
873025652
87348181X
881470635
879164352
89264365X
1000515249
878114327
1004942516
1006054960
1006391967
1012775380
1012664473
1012770524
1008763802
1017717990
1024019136
1023833271
1024537641
102454530X
1015147682
1019839619
1015795439
1014770084
1019224762
1019348763
101684333X
1015401473
1017711976
1017720088
101458387X
898740479
1012781860
898740819
1006058788
1020772379
101360038X
1010127012
1010441280
1011798093
1015395066
1014388139
1014581486
1009496182
1009498657
1009499556
1014093538
1014575273
1014319587
1010771493
1011126060
1002901774
898740525
884627853
887863434
1000421562
894422480
873662326
884344355
88566101X
87666527X
874316219
877879982
871972212
893678082
87811159X
880491086
888813872
873680200
898145228
873626206
892669721
878816925
87572292X
894698362
877672636
879945346
873675711
882210378
873144473
890368635
894053248
896084752
877403880
895881136
897394607
871288214
884607089
898488133
873747135
895581302
875010768
881873489
895475987
884237664
885533771
893730572
893337781
878899278
878760792
780701615
799242217
818701978
784006741
796905967
799250384
791608417
797099808
1016189524
101684333X
1015401473
1017711976
1017720088
101458387X
1016123558
795546149
818545925
818549017
795279892
817355081
796573158
780713613
101360038X
1010127012
1006058788
1014093538
1014575273
1014319587
1010771493
1011126060
1002901774
898740525
898740479
1012781860
1019839619
1015795439
1014770084
1023833271
1024537641
102454530X
1015147682
894441027
894575929
894569716
1010439715
1000776379
1006030921
1015417868
1015522483
885090659
884858537
101162799X
788352873
788280872
79273744X
798963948
788477757
816154139
882933442
1005514542
1005128030
878752277
886151228
872691187
884881709
893896632
875109551
89506457X
89653555X
816937117
799234893
787934860
792413946
817353321
799152102
788981722
101621040X
895106671
893960659
895395304
1000490793
887346308
896599507
866449647
717464148
826739814
871344726
890147752
88480304X
1000080374
884802299
884802000
1001291352
884803260
1007294019
884802876
89014723X
1000919080
871968894
897256840
887695396
1002263662
871435527
87150345X
871455781
871439948
89653555X
871611023
874977312
884807789
87195561X
880384255
888816634
879442751
898117623
878087907
875840728
893551678
877985456
889207534
884808513
890957428
886136776
888131836
88288607X
879905085
881462896
869852639
87212908X
87198878X
1004837232
871940434
871997355
1002285658
872027139
1004836384
1002689260
1003542727
1002883350
881249157
1001174054
100029580X
871439948
87150717X
871517159
871437562
871936143
871986876
899017681
880871903
882361058
897145968
89704908X
882367056
1004833482
875114059
894159968
884540596
871525968
1002316758
1000079821
100229634X
1005506108
898961114
1002303419
89651773X
899018734
1002227747
1000758346
878822593
876636059
883106043
817358455
1003542727
1002883350
881249157
1001174054
100029580X
100636143X
896794571
880706694
1006391886
1008764612
898739691
1006115307
1008765430
898960517
1010939688
1006388192
882694677
1009500295
1009499394
1005303851
1009895478
1011188902
876212720
858199629
100892816X
1008928739
1013691172
1012229076
1004756410
1003369731
1008763543
1000092038
1002255139
89406407X
1009234498
1009496506
1009497677
1006030921
1009500538
880977205
877012768
877007284
880567317
880795166
894300946
1008781088
1007503858
882705407
1002183871
1006382755
1002185289
1008627607
877811415
