737915714
86590524X
680184244
662522354
739946803
770101593
668869895
769749291
661603466
81686683X
733626874
725789778
688009832
826258522
71843482X
866187995
825521289
81772480X
716626802
683954849
634957864
622643673
860369935
684463652
746482361
673099806
839996926
74398577X
654201498
618523456
730052540
835419231
722479603
635942151
64011556X
768645379
685539695
863980708
654012717
646492039
870269089
682506052
688856462
645174769
664829627
817797114
664422829
636140628
779252187
786879319
86157351X
638202744
861696301
746315899
801003954
689498047
749459158
769496911
654883106
726737852
626584078
660757273
68926822X
768271673
620055073
634996711
666566275
721908888
725933062
66478318X
727377906
737523115
647390221
654671028
68920664X
634258427
826077358
684107341
866262164
721924344
737996994
625307380
689468830
618637915
778103692
858800349
688340296
804369852
686100212
815394349
640351360
862373956
719845718
796579377
665803222
74994269X
715962906
834938944
84119792X
640746896
616807554
618640568
805508864
780614801
656081643
734375174
634708449
803523947
738643351
770576923
768637023
675485320
738503673
717589919
829642560
840016514
751182419
716018969
667983503
725371196
727630768
737438231
684916282
664021077
747596581
769837239
663595827
689582129
684441209
746279450
664829864
767873173
723330050
722013655
723887888
643907521
858937808
865657904
741286645
684650983
774212330
788441051
74687023X
635716437
64153342X
63055613X
845380850
715812106
638254272
735804109
715931393
727084526
623599473
740796429
684431289
734557973
638142083
736307273
832998141
751725617
838207618
689373600
856657441
829369260
689254474
621639869
668869844
641985673
741287293
746351356
72995711X
724893156
629818088
841185506
732464536
875960979
742387275
768262380
824610040
641654383
685800288
774759216
825602904
688054609
822005654
627699855
832636975
768539293
746233361
630128049
725313498
722482213
618615350
646493396
731522699
815223560
735678871
769862462
661086941
723882142
640489796
697292517
815717652
737669152
838554512
84573511X
660768755
798948833
644762632
648857530
837254248
739329391
729702685
81669057X
687687721
741238977
702899771
720189721
665312814
820978329
783856733
784124299
664830145
767845994
846565463
661099202
672237970
648847772
622651897
812428412
827787499
668906235
716097737
736268200
718137876
646489399
732456274
73166471X
715643924
736636560
668833475
657575046
814436773
667458247
720942624
792394305
745865909
682757535
822084120
817800964
681059222
726721816
884029522
735578060
718112334
817800107
816155267
684425203
643971416
851740235
629774781
688053807
622759833
684995069
727570323
825838568
720798183
766693287
738056758
669041181
867472456
685555119
689818572
636491897
847301753
738399752
846476843
684792915
781119685
80704766X
740896709
642355177
736310207
620676256
623831422
756383846
636069060
845443275
720886015
627588581
655750207
720614872
63145120X
734400071
618730974
865967873
755323289
720191246
733808468
770633552
656993073
76939647X
830001263
689477988
837388651
636195791
768140862
644843284
729715221
662036352
778677206
74271182X
860765415
789523787
734606907
668114193
775213403
816153078
660175258
727572113
641215126
747211477
722479190
826742572
614352479
78397924X
735484864
667605274
805607706
868589217
689049366
655857575
657466867
716163276
837877792
685796701
687060443
73626812X
644132043
830205772
670724416
839972954
654844046
640470114
847199886
720130778
839764677
835402401
678785767
826743072
684826305
84721494X
821579304
64763404X
848966414
850636434
73626793X
727626469
823961419
793885299
687790905
870928988
827095821
746586450
757443990
664193072
852502443
635667959
666092265
780166116
717391760
640460836
746585470
719148154
719930987
665461119
745183336
689471297
660750562
684397870
720311047
687857430
824821211
770961517
747381046
830318372
728779765
664339786
654940797
743953843
676453643
737335017
631854371
640946275
717595315
739400584
827503938
863158862
861751310
665458312
640253172
768272416
719508819
871271737
726264725
647449684
780337344
654940894
632025816
672443996
715649132
636380319
835878864
679401164
859533263
659408805
715939254
66216086X
722554397
718484819
797039635
812559134
770293905
728889730
838090478
685026930
770782868
719316065
830338268
688388973
867092912
630139784
859853349
682205400
73053829X
799475785
770698034
824814495
723910820
625772202
748910158
636083578
77302297X
732704561
687807697
771958781
737583649
690225350
623190516
615499961
630557608
65493911X
654910235
851411150
750191988
63499610X
769331556
745447759
661465977
685288846
675463912
767831772
642698597
628463413
830331719
815856431
821775375
702766828
827357273
771552866
830317708
806933240
654023336
857524453
769918468
686090047
875026257
833132229
727406035
870177729
735744068
644109084
746232845
722203497
726206857
741281767
769733131
797447024
69022768X
798948787
817974687
659502100
63640983X
823961885
767045114
689048548
688732410
837389194
85618621X
860369323
731448499
733885969
846739542
668644575
633000949
656748419
734869908
817312226
631016120
795263961
630148562
847856348
837384737
839750056
669219711
656759291
669722294
68756932X
848966074
816571333
859734781
660728508
87023370X
837317606
735780269
775982377
656989505
678831424
840726473
63608017X
715353756
775152781
741272040
717566560
82581698X
682444324
74645760X
667639071
87014846X
827482329
686077768
738014753
725929685
720840724
731469542
63772707X
664401406
719461103
640965431
820966703
742095401
746223250
644075023
775225207
856674788
863846882
817498036
79744825X
689279663
71932775X
730434354
770783627
665316364
638257360
679398503
63651269X
742460517
680184120
630135177
62345114X
741200767
672587106
729506029
739399365
687593891
688538525
627412467
662136071
641903871
770542964
644501111
677738307
832558273
715915967
751348244
719936616
665460929
85985258X
755842839
726722030
617953880
630928304
64038501X
716601001
734401620
856430781
718065522
766281582
675475767
729281302
813557011
747218846
742094634
734835361
833275054
625726472
828688109
770893473
859620468
65453943X
770129080
68455755X
796340269
734525478
726750166
636823156
630151288
873674197
740897551
844415812
737651725
664664946
655513302
717464059
716114143
638563666
631290419
814437583
663673879
769524540
642205256
644762950
833481584
742390535
685245799
846467887
68545245X
833469894
785281460
737561629
859853624
725512288
716157101
687939380
743674537
640626610
775213519
665974280
769870783
749762373
770705014
729282872
641924372
725921706
635127156
659500345
64165913X
845109146
724896155
672320207
641148526
690226268
68748197X
731594134
629816891
646505262
820155276
815214723
788441353
664202675
833205757
642616337
657517011
862527147
719310121
818080337
766693473
84059223X
679424601
622410385
767871103
665568282
747596263
686651324
778676978
87660257X
721919162
739239139
771904606
877988838
689674759
654200335
835249387
734800290
739347756
775981001
832656631
684220660
720686091
67463179X
685403424
865922349
636462145
626960347
684392755
684819759
66528828X
825837766
77944163X
67957218X
827742282
727045709
840079966
687960657
745737145
751182613
828671494
721988504
665582323
718224183
860173577
67252385X
656100605
687471486
640210791
651733774
668663340
62963730X
812946960
862639239
846331624
857832468
821861719
660178974
666566208
837388805
746055285
64095877X
816649308
778426157
668278846
869229761
635113783
825530407
641992157
623459078
742687996
735485232
731844262
779023757
660749033
770557708
729701921
62475507X
866985026
738475378
64058294X
81523404X
663884004
726022047
750634162
865951462
866195181
679418393
663922380
83516151X
835263819
627764681
726698806
689673663
719935881
619888865
71808702X
730760693
62658146X
726438731
736238034
688367984
835239586
757401155
644495960
835145840
849689155
665255497
64517677X
847936147
647150352
85723689X
768249759
81664702X
618309551
861571991
65420487X
750738766
62757341X
766628272
727083716
661581888
688565034
663672511
718711416
723549303
83603192X
665808720
771625359
641067151
617932492
619019905
859780376
838023339
73062448X
63649358X
662119347
776809407
747851204
747595917
635046512
630322937
865925739
857083791
726733067
634997300
719287065
82571091X
68562076X
748783350
77000850X
749872837
732554756
770259081
820971413
848083423
863831982
82447998X
742109577
647469227
79315023X
631476695
745186459
719466067
727399136
738615102
659483165
65485730X
684384213
63211861X
827000294
741212757
637835719
644937793
644501537
654533008
660706245
67233125X
629486581
723563268
656239751
723967989
76656990X
841184992
64121619X
846577569
739239066
824007409
861276574
668423889
682528374
776583670
723598304
72786954X
720192145
689054017
671701282
654992347
749607386
689476868
834307804
722164734
782694888
734868677
634198017
800436504
849492793
679603050
656012455
727561146
64693208X
687867487
672976625
651733103
630138540
738614130
620105038
68059048X
80351316X
867943920
672732122
720915228
742492710
816151032
835394565
61512481X
848529510
768262097
716266997
619077573
784123756
656736682
644502223
84128735X
722415338
755274091
715935224
719264332
688434703
672527499
859694828
626592267
642400873
825525012
662508726
632347368
812804880
641315503
726754129
810614375
700638547
817497447
635047349
745180914
688152120
624586308
742541371
817189599
688066062
664355625
644937505
619915137
826297358
643808132
864215282
689352662
655599673
679601465
620020202
689373422
816371555
643000097
62749689X
687059151
661599353
720418321
768523222
647378736
807049921
64236656X
726584339
842140867
618440852
687483433
689235143
81419706X
728984709
635907666
735673993
756024056
641617771
657017876
780162234
655565671
715987895
725517786
719396433
717507181
641217641
714981664
73007059X
656897562
664414346
866907726
623609010
67260048X
636195651
859534499
743691970
821577395
745863698
838523226
670390372
646864572
685539857
727116932
719404819
786300965
68579914X
817502351
75020916X
654478465
646229990
767911334
