1003531326
1001178548
878953159
1007503289
1010127861
1005155380
1003548768
898484391
100050221X
1000937410
1002677815
895276038
89507544X
895280531
1001293584
1002312922
892470771
1001444000
894767224
1002770319
87891580X
1002290112
1002785456
1005533911
1005537046
1005533466
1005507295
1010793578
1002117895
1006353852
1010793519
1007302097
1002181437
101042761X
1001174380
898736218
887843247
887861393
1006109358
1008672661
1008937479
1008672092
1008926302
100862957X
100893853X
1010124765
1010843966
1002295017
1011035847
1002282446
1008926779
1003539939
1000775690
867657367
1000487830
1008764361
1010597434
1004849222
1006337504
1008628387
880854758
1008765961
1008765775
1008766496
886035015
1011926989
1011927349
1011927144
1011926415
1008930687
898962587
100862716X
1008931721
1006107630
1008929565
879364653
882308696
81244647X
655553010
853778159
66424713X
871694778
718474864
886272203
1004872690
100069934X
770571735
884541185
1002281997
774222360
898851386
898847699
898723647
898723116
1001678230
893256897
884802566
894107380
898850460
884806081
886293073
885087402
864221495
1007298383
100731558X
884808769
88910834X
1013690656
612812723
1002900441
88115086X
1011115417
1002652995
1012773760
1004853785
1005536457
1002296145
1009342509
1005302464
1010463519
1009895761
1005303142
1010821024
1010793969
1008933260
1008929751
1002337410
1003546706
1000487318
1002218950
1000488039
898963206
1001431642
887463576
813206464
1003555225
1005535558
1005517525
880312890
883881713
882516124
890115001
89718274X
882322346
897255364
896991164
880871482
887736939
882239147
886573270
891034218
896520293
871520915
1002179270
87160986X
887662722
872014967
872007952
896841782
1001173821
1001171284
880452188
1002895510
1002218896
1011420872
877847142
1012241386
1012241505
875168515
1012240967
1002218896
1011420872
877847142
886956544
877845603
1010463187
877829217
1010911848
894438336
894592807
894513303
894445014
875168515
1012240967
1009651099
1013580095
756680646
876563124
876143117
1010911457
87673218X
101091278X
1003549705
881002003
896841596
880818069
881159298
1009650386
1009650572
1010847783
1009348507
877026335
877845603
1010463187
877829217
1010911848
894438336
894592807
894513303
894445014
1009650238
1009650467
1012241661
1000766365
1012241661
1000766365
1006391444
100867706X
1011155397
1012117537
1012116573
1010807641
1008674222
1008673102
1011633795
1012234738
1012117537
1012116573
1010807641
1008674222
1008673102
1011633795
1012234738
1008673994
1016516983
102233901X
1024530620
1024005577
1016046510
1009485105
1024547108
1023967685
1018513884
1024529819
1011870177
1014497183
1024529819
1011870177
886027969
88520378X
884888959
885206843
885073673
885176294
884895920
885184475
88556331X
885091272
885665902
88602949X
885689593
886049288
885680111
100233621X
1010438816
1011558890
1009342231
1012771776
1012663469
100233621X
1010438816
1011558890
886027969
88520378X
884888959
885206843
885073673
885176294
1014389097
1019525118
1016567294
1000086127
1017722005
1015535801
1009341944
1017878277
1011873583
1009342231
1012771776
1012765067
1010311972
1012663469
1015536212
791373886
1016213077
1024689026
1015300626
1025130073
1015796060
1024779939
1024856577
1024791645
798966068
792627288
777523167
776728903
796690537
780698916
818701676
788992732
796908842
818546395
799242004
799242594
1015569951
101084735X
1016034539
1003542204
1011934612
1018540903
1012765067
1010311972
1015536212
1016529236
101651767X
766161021
1014330785
1014095212
1014320100
898744962
894574795
1007278951
1007278315
81856685X
791608972
780713427
791601382
816925267
780781546
817319271
793129354
818701676
817320059
745829678
796881383
788937987
788476173
788375806
793145449
101780592X
884859282
788993437
788480685
776734245
818487828
792725913
796731632
796731233
799215171
777397099
789293293
79925729X
77722237X
788452371
81855343X
817318933
780703588
780614879
787945218
1017746990
872245004
872243435
872244075
872244520
872242315
1017880905
1016502575
1013880706
1013720415
1026005752
1007283785
1012160963
1012166015
100403623X
777453118
791517888
797106162
799013544
791542440
777399733
793127416
1005251789
1011866935
796908575
777397099
789293293
78646528X
79925729X
77722237X
1004839685
1004844115
100051417X
884859282
1016214006
101780592X
872245004
872243435
872244075
872244520
1013880706
1013720415
872242315
1017880905
1016502575
1026005752
780783085
818545402
797106162
780783085
818545402
799013544
791542440
793127416
777399733
1011064227
1011243237
799006386
796902674
791347788
791627039
78806987X
786533439
796731233
799215171
788452371
1011064227
1011243237
1029364273
1024713520
1029010013
1029641811
1030253617
103040822X
1017746990
1030253617
103040822X
102348515X
1028096372
1028812450
1025202465
1024895793
1029420491
1025260899
1028169639
1027931014
1024713393
1018617272
1015223966
1016577176
1028169221
1027932037
1018617183
102520221X
1024894401
1025203399
1025202759
1016722753
1024769372
1030413444
1016366469
1027897991
1018616926
1016304773
1027795471
1015803644
1024713288
1024429784
1024894916
1029328935
1029364273
1024713520
1027932037
1018617183
1019334371
1015597769
1016502869
1016722753
1024769372
1025265394
1022324373
1027898173
1029325022
1016722486
1025372689
1019346949
1025201094
1023485494
1027768989
102779534X
1022989219
1016364911
1029419558
1024712931
1028168136
1027897231
102520221X
1024894401
1025203399
1025202759
1024333647
1024770575
1030413444
1016366469
1027897991
1018616926
1016304773
1027795471
1015803644
1024713288
1024429784
1024894916
1029328935