749872802
834476703
729965775
855921609
656758074
687681553
631463089
723845824
67940659X
668105976
869401076
816223149
851726720
66862972X
634623648
656749849
831923466
843546506
786300574
641457928
63129046X
688731317
770890091
644082429
661598489
859863697
833997300
774196289
638281083
789276127
665458924
719326346
669225843
688960472
850971284
657509760
640221033
663114489
733614965
664678459
848735145
645075914
838016111
629658757
796728968
781232112
718127706
781639352
794330495
858953307
682454877
841279977
770445462
727021869
687578493
840001762
664270948
717591409
768634083
723573409
865280355
837388422
638138760
775981311
84728848X
817496831
769172105
715674919
622374184
717396657
640490360
689269528
739332430
643785825
86563274X
838096719
665809476
642200173
716602695
835133222
665315112
644509988
624820971
756973481
654776237
647479524
655980555
723868360
838022839
688809278
838321860
72864682X
675806410
845740067
846381605
792632265
770923437
746525524
63605389X
739694510
621451126
870753711
632028289
658951343
780590449
68856710X
687682495
722474555
730364232
690219946
817012842
773973907
787773239
870268155
730236641
675446937
732081955
66361709X
862972116
725516615
803524374
732379350
655576940
747593191
812427823
640949134
770894011
796336636
663372186
642699380
841180024
726080225
869391593
768174104
768197147
860011569
716093871
65380251X
642341370
780560639
684085682
836446267
729869725
773445722
636820343
775882828
653795254
75020849X
666386269
832590630
621184225
768636841
686652703
672245663
642188572
863172962
750611464
728315564
731794141
665231466
769642128
665016018
665232330
786648066
749455276
688928285
750218002
654201536
729709094
720229944
860775860
83818927X
657005169
791915611
665232020
826652646
65697009X
797651292
870172565
725922907
737516623
848559886
638871425
729865037
724287701
859891194
869748440
615895786
664270700
773813179
662348613
871258110
689487797
747228329
732707757
768166764
826258964
721907490
804998671
731839099
805360549
670273953
724882480
835438015
730535339
813654793
867804882
715914766
736431136
641918119
830267832
654202869
661585565
81688174X
767101456
720429250
747231966
738056944
767440625
665017626
841198527
766169758
81534418X
840086466
895878488
730397912
73384183X
870176854
767101693
69727425X
663597994
722226764
788504142
637060717
77092252X
771010621
727627392
687868297
845443763
677738145
69014220X
723592365
726249718
775982547
87059799X
860292878
76863752X
805366245
618534288
636114260
685203085
616808585
730403238
684820854
745134262
728595281
718104978
637829123
720913837
730548163
647158183
824811240
715710591
644770112
847845125
641327994
722396945
634494236
664207529
746316275
777360896
725517824
635905310
621077380
770553907
863755062
720942241
718104870
637058801
73164137X
773535802
629684715
630191379
720790344
716096471
777078759
644764155
845687077
655606319
725519711
67003911X
861766350
840695284
683931857
820031887
716627922
679600973
809015978
744913985
669029424
660750236
719320658
621633178
775834629
618818189
868599697
837379571
833988883
68856612X
766581659
722917074
670817422
68248931X
624757749
640766129
622427466
685545202
766616150
727627848
732390893
841163472
744908027
777849267
840591381
737583401
665460082
646488821
749655690
663636833
64449767X
803802730
769914152
740896180
718511514
74711465X
665962312
683955888
624636291
866902023
747074771
734805276
862374359
770333885
868589977
664275826
816879958
721924506
641662491
735187207
717984028
718109813
636312062
688810721
774086963
852498160
684826992
770968619
647483289
666389047
813573858
635942526
81821869X
735197431
730396797
685554619
768139163
732583691
730611566
795242735
72599861X
690139802
644130741
82021356X
717416852
731640497
776829718
834476401
77403694X
88924362X
812765850
666179298
857635190
669465356
73442454X
640627188
651696968
738388467
670909246
840972148
801008034
683493191
63187416X
64773902X
835092941
715712160
747438722
72227243X
73659468X
682986763
73564442X
670300268
739408704
779250842
783577494
638341310
667750029
856606774
684227037
717592774
633949744
79652078X
749872950
64441071X
840001436
635044757
720912598
739961268
767453727
647394502
751122238
719943221
736590935
644902000
84477197X
637979885
618541950
687687322
847539032
841279551
633948365
631386033
798845430
857350021
719325552
773392742
667237070
631105557
734646305
851403182
72944595X
640581285
715666940
840988583
666092478
687564352
735718148
73481366X
657469025
767211952
729559181
815601689
780309855
721961657
63809917X
719107202
655557954
863990398
728581035
77460509X
641933053
769768849
890121605
718521870
716594099
725565829
670808962
659410109
774896418
825695686
663386462
87293506X
720844738
644132795
655012303
747325278
688461875
671113321
655977481
787007226
750544716
75007356X
749762985
739844016
724034080
665457901
766677923
64882070X
719250889
629658927
656895993
661598691
668294035
749492333
647642581
720854776
770950671
856606359
672622688
815231601
827094817
821492667
686071174
766168808
641148771
810647397
840988311
889243271
869922882
83239081X
636384497
756637953
73184453X
742421376
622963902
77583243X
861540212
720908760
746997248
663503205
868592722
860175812
846203510
688810985
727401548
654473617
672317303
644413018
86900607X
689205643
750256850
817943552
654571279
793148510
630210845
835430480
836700023
857229087
63202660X
67140590X
770602142
813127637
729929841
685573389
882995111
736596798
630139946
647479346
795263880
817723021
738637939
661582965
857629638
835395022
869234307
860634221
667698752
664470467
870299247
687925649
858164647
715203495
737976667
643002626
816574537
665808372
749724749
72082527X
684643138
723750351
624670783
721925839
686079205
716576724
859162605
880717866
775152595
626960134
746290497
636782336
840653239
641068999
755935446
684381680
635713586
835263223
732583985
717398552
747294178
62102581X
654912718
814174094
685375080
840099932
662028228
685373665
755386736
65387295X
720105641
773446095
826602444
718449029
657013021
83447560X
756626749
689481918
668844787
726004014
620757272
668912820
656012536
819412740
635129140
766616916
635895927
86372096X
642701652
719405602
867944048
774036826
654799377
729931633
847488888
831836660
721545807
798811765
632063653
730752135
827006144
630100861
83900043X
664347940
818344636
675458803
647648164
687536340
68400576X
767023609
668842679
798627271
74272199X
715352067
727868519
849686148
642315108
663876176
734925190
826314406
679708413
648821862
828121486
767019172
779698118
716346605
716571811
688819206
677748639
680027270
833527266
870490966
668123672
833964178
841194572
656923768
630535213
862712564
668209364
627753019
685362825
716098482
685387127
737839139
860533352
832953784
827092903
756692911
625856872
636083969
788761250
623504278
749822325
647507161
655733493
838743129
664257755
731285182
773119248
773932631
671426842
675452562
860530698
640491049
843604719
796572550
738182893
768466547
660710854
664470777
82823535X
683944517
738390925
663772702
624579468
817966706
730739058
717288404
641608624
745273475
842235388
785272186
630063311
832773190
816506299
639006884
729503917
788617559
665957122
747230595
625447336
617561796
769656366
656876247
663861810
719300053
719959292
729371417
869007033
668837020
687868998
732454654
725389567
825829445
737255935
656067071
82216874X
742087395
663675235
788603159
832273031
734591519
685074730
863863132
799025631
618788999
640610021
735450560
814169929
834297582
770951066
729715841
653804601
862710499
670175706
663330149
73639656X
88309472X
627765335
719109493
820970220
722178328
76816947X
822172267
786647604
88774768X
864219717
654663572
660942275
77576762X
770133800
715975722
773446451
654664552
689176139
66333134X
65407660X
731853989
729955966
72372511X
688553400
73063521X
630207232
647393301
74128216X
643964150
743895290
716359650
838325394
799979988
644264802
735113068
646243381
630728585
862202779
63185276X
778100200
674653815
655741593
859781003
729571831
788499025
63773162X
640994857
756013879
731805712
688151671
788660179
838764657
728593785
688572200
657440973
87013681X
665312903
671016105
672323893
663461227
729474216
655969624
670911623
749596201
746573006
634540386
856564737
68003918X
825844878
635714582
747085269
817314504
623154900
83424182X
627760104
644673303
81692158X
82569048X
74635035X
799949353
682753351
871276704
64242635X
674622529
777088371
767018982
768634113
659006405
82776992X
789626551
730125467
623455773
825814693
689063652
689816669
619876913
657441287
732411165
66921793X
723945675
688374522
624363589
733794319
841198454
668845864
684439069
749822597
820564125
668028890
860339122
862759390
633004081
777347261
746002696
630490988
81668278X
745141463
647544695
813252016
739694863
685557758
715462334
823261484
632067411
737915390
722580320
624978362
730760197
664249264
756654653
755280326
684366983
867165073
719928311
844426598
684758784
646466739
772804044
821116436
736004556
654205752
718084675
664352715
781825431
727532510
734016158
805505415
673077705
86274864X
635894351
65707330X
862528933
723329397
732555825
766423875
729954188
768173582
638211905
773792775
736077057
756450926
634194623
838336736
726066044
665597630
643786341
734915950
720113059
723946051
646447815
623215829
664491618
770101615
832998796
687679591
84118092X
800346610
822084910
840003463
689255802
729931811
643802339
745281095
665288948
769768091
800322509
661647404
660713470
719117984
717464016
646472100
661498891
623713756
630865337
737130784
835054829
770704492
730399478
751706574
816101027
736431799
715101536
829995994
71921923X
863854516
740819011
63656648X
826095097
74527465X
768466083
816999759
725926996
869501860
772601941
734527802
640966896
86642279X
644390077
847783928
817008543
688732313
864390688
826645518
818665858
83327337X
737940646
623839733
819556424
735478244
872917703
635716925
857825100
677739753
662119967
72042982X
863104916
670818100
841293686
630150605
690252080
85097612X
654921121
813121205
756728282
642206465
689362609
