1001935993
100008065X
100354035X
1010795902
87782715X
878751211
878113541
878751017
1007179430
100878267X
1008628727
1002178320
1010926055
1009226045
1010926535
1002255139
89406407X
1009234498
1009496506
1009497677
893340006
1009229133
1009227866
893746827
1009225197
893746231
893340790
1009229656
1009233874
893342505
1012765636
1009232363
780551834
100923143X
100923353X
877816972
1011627930
1011633302
877830290
1009233211
1008928038
100717000X
1010598899
894649434
1011200333
1002295440
878113541
878751017
1007179430
100878267X
1008628727
1002178320
1010926055
1009226045
1010926535
1010751794
1011124734
88654789X
88672886X
886548268
886286085
886274346
887352154
886264871
1011560593
101597371X
884891674
88488600X
1013718410
1016123558
1002295440
894441027
894575929
894569716
1010439715
89443716X
894649434
1010598899
1011200333
1004020066
795279892
79274621X
788477374
817355081
788352873
788477757
788482807
1013718410
817355375
79274456X
796902089
79529185X
793147352
79917954X
818549017
797099808
1010298585
885686845
885658418
887358969
887464890
886742765
884891674
88488600X
885585437
885676785
885684109
884872459
886264871
1011124734
886553350
886283264
88654789X
88672886X
886548268
886286085
886274346
887352154
1005265860
776730789
780610806
787940860
1005248117
788940767
799346640
788362747
786534001
792749871
788471600
788430793
788431862
777398818
816937117
788982370
817354719
1025261194
102482246X
1016212712
1004722966
780610806
787940860
788940767
799346640
788362747
786534001
776733125
788283693
1020624248
1029479445
1016365934
1012159612
1022453327
102726767X
1027897452
1023260123
1025201450
1024712737
1018616705
1024712834
1023260298
1028096526
102489472X
1003346642
1028839154
102471327X
1015803342
1024661865
1024428737
1016364741
1023257610
799234893
787934860
788262130
78782741X
792413946
817353321
799152102
788981722
1017747083
1010313207
1025171586
101540054X
1016365934
1012159612
1020158166
1025264452
1018616322
1028389639
1028096631
1023257785
1015314309
102726767X
1027897452
1020556633
1015804012
1016366914
1024428737
1016364741
1023257610
1027793703
1020555963
1027897622
1023257459
101621054X
775913359
1029421528
1020555696
1024711803
788437445
875009816
1000295044
1025469488
1027815650
101621040X
1016569505
885090659
884858537
1015795641
1015401236
1015920381
1015258131
1017747083
1010313207
1010176579
101141922X
1011869616
1025469488
1027815650
875009816
1011868423
1015801056
1010176579
1000295044
1015400922
1015400671
1030293856
1009484338
1028982305
1018606149
1029223548
1029481725
1029479445
799112054
1020158166
1025264452
1018616322
1028389639
1028096631
1023257785
1015314309
1024713083
1020556633
1015804012
1016366914
1027793703
1028170211
1020555963
1020556099
1028170378
1029323917
1024328279
101103526X
74628991X
716152347
630960143
623745372
618540180
65740568X
733598315
792631420
78689881X
75112155X
66856539X
726350125
664335098
68923256X
666300895
664337104
669994057
645280712
721919529
727571753
726589772
63420128X
859730271
856638315
866224653
867088303
629821798
620314184
756958903
66884342X
788248588
689226853
641657943
796723222
654665419
832086967
675443016
642842302
731632850
685798895
836145380
684557819
848975804
715117572
665460511
749598166
859277429
719915473
778105830
661897087
67082514X
726742279
749554517
75697187X
672624788
663678404
659508605
641050097
860843025
696798972
780425308
726297232
661598322
715115367
688387624
686080033
683955381
82287699X
863519539
771022867
834738481
679523758
748782338
688156444
798491175
83327760X
752309412
792715861
688053246
642882819
702776831
83017687X
825709261
720912512
688275222
828155151
625868951
688431836
814426956
75062678X
794144179
651696488
668285494
730237141
72091387X
815222351
746812108
640804659
769399088
735721440
770441327
717073130
870802844
68949744X
646938010
640227287
719302803
621234486
845700995
726790346
822180839
654798028
838017223
750184906
867889101
739338617
715537806
72898640X
718210700
778439445
636781615
743972252
837368499
654375445
672444534
732555086
867678224
870663712
738205680
638514193
859267687
630130736
878077634
779184548
721924085
64237337X
777837625
720942454
821114875
737283998
872162443
715585371
746915101
644442077
725575220
64235507X
62270690X
84725738X
702965618
641935536
728900815
686079701
643785531
632257938
782824595
789775859
626589274
749554908
630944687
809002140
637738098
850622301
617488835
651733286
644902809
751756849
747114943
718132475
779451511
637813995
629822921
657466778
640951007
664257534
630728755
65948014X
643783202
735643636
687686040
642536848
735487669
658942956
625026497
749943696
81356199X
742697045
837754135
734019343
833303961
688458246
626996279
723319979
871290073
670095060
728590794
841195250
770295584
689354207
664252303
655568921
868309842
839147538
738392308
622705482
656102241
719103975
74543584X
66959086X
719021758
797039031
654881316
831831170
636414701
841193762
615106927
687799716
72192638X
717561445
669441481
852489846
863456766
746232667
669464465
815573480
716253887
62682012X
667698396
774620854
832919330
825725542
689702760
862993105
820910112
71757329X
742066509
866666524
775767107
868642142
64016627X
864215568
644433124
770970842
617462224
643777520
618789359
745606407
737128666
737644400
641900643
625337832
684331691
654679800
627396364
668899328
66388473X
862199697
717883612
735566860
670273627
66230523X
730575500
623453266
682435228
835237400
735477930
734608535
684795361
688435513
62982438X
732553156
746055498
71598778X
634945777
666386889
685380424
735961522
742415813
719577926
796677115
744747627
730881660
667752447
857647067
665559364
62571573X
773534938
775225460
63198934X
862379148
747328552
725517298
834609037
82684054X
715976419
742459241
673078515
727074156
777029790
654504806
718934903
769057667
644765364
678716358
786059672
720521858
723909784
722267207
833273493
868711004
688033687
737530855
683139568
630062730
783978960
620698918
678412510
638343682
724035613
720809215
719061407
835459055
654778434
845448404
720558646
777882515
73799388X
717067084
755935160
657486086
72819127X
859852806
664323529
615397263
683957112
843552220
716580829
734591136
835528685
834837250
687470250
756429498
632297107
779023498
697274551
638278740
768645247
859258351
726439142
687940281
622450581
667458220
655858458
719582725
73056150X
728581833
624780791
822879964
669988669
730230929
667699732
663636256
718146034
720844703
626583020
629518084
833036874
683494384
778411699
773452265
635716089
657025917
736250182
833044664
660170914
825846560
743686241
648843629
662632532
641684282
716101157
618837647
865961913
688732070
870433970
847253783
829341846
662161556
71805394X
770789129
62589619X
672246686
840971648
647728524
833820389
736078665
653897715
737960876
732461294
777061341
636326632
746019742
689057733
682912018
855916370
747130108
688278426
739353853
666170991
655963901
644110872
75053060X
746954980
717298361
660712695
625868943
769639372
684819546
870789880
734401914
727052985
847795977
856891924
837931371
768467608
668698063
68244569X
733814344
719258944
663586615
665256183
777882574
629740658
68560683X
669042501
719796717
780592700
833821644
841182264
832650242
732380197
78059293X
717453650
790745666
868020923
778264890
834523965
715539973
749655275
626962234
68349256X
663082641
640766501
771048602
688252486
870576917
750549270
745446817
644266554
668062096
81535438X
826905250
630493944
782791174
63185116X
739333208
687057493
863947166
639705626
662632052
647210827
856893374
686072901
717567532
782787010
685552497
848567137
729898970
750977582
815403410
723781605
838321658
79083913X
654560064
797022902
846373300
822338807
743681711
635924595
745182194
638241898
688542751
747223149
857546228
640193153
725315830
720778948
654543313
626396565
770796915
86832910X
630991049
833130285
777881500
719583330
660946068
717878856
818421959
643981632
715116975
827489986
770706762
655550127
632020024
654915172
660178931
68245186X
68907025X
869042076
826078168
670055484
654068291
618788956
834478269
687483131
83302955X
719562589
661582493
684429837
838424686
749461276
858939762
665572506
654798494
623130564
868841595
756447674
807004316
646242946
801005973
770364241
664333400
717486435
83263848X
824426061
726466379
749922818
840988400
633731749
807078077
755780078
870177451
729451240
834001497
729884430
749581379
629488088
723328242
867477873
638281393
717441954
67177848X
731663799
817796290
840925867
729447065
732555434
636113868
841222762
719872936
742583392
746282079
768516196
826299598
658934619
84681031X
820590231
728657821
73782428X
646496247
654117497
622375520
619888016
670456926
770364098
719205034
720940931
635711494
73460968X
675942659
796693889
74975804X
783857470
72756255X
689264313
806867914
836042700
833962922
796721866
819419834
715810642
867084065
634508210
756019605
83793172X
657110418
781883695
840787340
796722900
638365147
832085340
631236538
803783248
859506479
640483151
832551155
731563557
689209231
643992820
655162844
665607377
73389822X
72623057X
716628015
643394591
737937548
773798153
717568350
822880512
769383467
824067665
722007019
665807287
751758205
717245721
776137352
770007120
839147813
734636911
634089420
725505060
875705189
838751555
715117440
838733840
654940746
715537458
654188637
664334083
685077535
671605690
660767430
668146591
738084220
682490229
815224265
717277607
819421952
680560130
715658441
735276528
715654799
781217792
665584768
781539781
687867983
642532591
719789524
870576879
889508178
663887089
643899022
647513196
634977415
630927383
746464002
816996652
775083224
697277755
634615408
828237794
769841457
797022562
663112516
782582184
832646717
796693838
654863784
680183957
721917011
838015301
848717570
870751700
846573121
746341199
659475677
865820740
657405167
634014854
629519072
739425560
684354063
67027318X
835310051
805509763
790570262
835130630
715117289
851740774
682455318
813250862
685548090
839141505
657465836
663885418
717452093
719030374
742061701
641895089
867442441
768216451
790745747
723885648
697291529
736085262
715290371
769387144
771264933
799278300
839826079
79388506X
644552352
769673031
819419079
679522727
627413161
660176025
667981284
857459287
