897129709
897129121
746616848
768024862
862447941
887672949
730237303
882355333
898245001
892930667
872134210
89848877X
880313994
88231517X
889887950
872464555
881143545
893578843
875828086
892928840
898695376
882147250
875829619
880705469
89767202X
879905336
891496696
875737250
894052179
882921401
874003156
890454450
871454173
882376330
895134802
87733983X
896165493
892775807
89545890X
88020544X
895887134
896013073
890489300
873451937
883877007
882812025
883191156
884496120
884888487
878077529
87221074X
876425139
892623535
872757560
864824645
895915898
891233105
878206957
874248825
885346629
887750958
882861417
88146984X
895883309
885552695
892620803
871677059
875991378
886929679
875963730
890206821
894696378
873750276
883188430
885211006
874956668
898166756
88185932X
893887196
895238519
88991608X
877990573
880854499
872784584
895462923
882541862
886424119
872782255
880361840
892492902
864768761
871282089
877972516
88507615X
883952165
873242181
882351974
873654900
898243351
891258981
882214144
896387267
885354192
893349135
882353330
893574287
892671033
884423085
895242044
884858014
89392380X
896388425
888814453
877988269
883007061
891105034
892906294
88950220X
877641137
872244679
896597555
884544494
877480052
884575683
893413607
879917377
887579558
892664967
877708959
879240989
877987246
893744166
889088896
881459836
884019950
896159728
877722250
88139369X
890866562
875847366
895619865
873040945
869803212
881473502
879181532
881465879
895698889
873478002
889774315
896287580
887673325
87818029X
891231730
889773734
882307843
676483054
1000492249
895265168
1000491706
894151320
895110911
878900047
891082646
877721130
882235370
887726593
883730464
88533826X
88533793X
882298488
885337492
879945907
897850009
89525672X
896598926
1001292251
865168075
884541959
871980835
1005495033
1002549523
861769740
88100099X
88070800X
880928158
880871652
100485434X
1004854269
1004854382
1002294789
1004854161
884883930
1000987051
892669330
1000698920
871522195
871608588
872012522
872123561
872127192
770090877
1005297460
1001288831
896517195
1000493849
1002247446
1000935728
89902517X
1001292693
871514176
871508648
899014623
896517985
878915400
1000917878
871518848
871460491
871433834
1006382151
1002292751
871450852
884883698
887365809
1000065707
895239175
1003539335
895239272
1002296080
895239612
882698117
1005504571
88270348X
88270124X
882697676
661039293
733604633
870115170
869818740
867864664
871624451
667646108
826091415
731300211
882836951
799119547
806830417
871623854
882885782
882915673
1005316341
1002743400
890147485
890147930
898736293
1010124994
898842921
1002282160
1010125303
877999929
877486212
1008943096
1010309579
879264594
87748659X
1006346465
1005036969
1008636223
877613850
1005259151
1006117962
887553311
1000937291
1003529585
878113282
878953272
1005535809
100554123X
882686763
1006341943
1005512590
1005509166
1002691591
1010930087
881137588
1007502363
1004854285
1001934504
1004842201
1010849549
1006335218
1012228819
1014497094
1006099344
1006098828
1016135904
1015078400
898842042
1015714390
886287634
1004515529
1006098895
880456078
881137367
880455497
893604992
893605301
882986961
882986007
898488923
1005570728
1000937097
878114610
1001005015
1001177541
1000081389
1000081389
1000937607
1008637254
1000082229
1000081966
898493722
1002743680
1010823019
1006347240
1009895915
1015130135
1011242923
1010451995
1012790541
1013775600
1002294606
100503754X
1012158829
1010438506
1008781630
1010438506
1008781630
1006254625
898783836
881456861
1006340475
893341274
877831130
1012166759
893747068
893746460
893687251
893686956
893342114
876765975
1013770579
1011618710
87646097X
1006099344
1006098828
1016135904
1015078400
898842042
1015714390
877890048
882173715
1005035148
1013593898
877009392
1011419998
1010761277
1010309390
876448473
1013721144
882696831
875961150
880570687
875995098
876284047
876135319
880913789
1000776549
876765975
880853328
89088840X
87629459X
876172958
1002660408
882699628
876733879
876101872
88049333X
1002652529
88114780X
898964865
687869803
1000059669
1006108513
1008622567
1012126684
1016045743
1011242303
1010797514
81855164X
776846043
786463392
798970227
791543331
1016039085
102545703X
1014066247
1014389291
1011243644
1013250109
895136392
788992228
799001805
780705947
101771858X
1013761189
1016820666
1016565011
1012772764
1006714928
1007294647
1014066131
102383278X
1012159620
775913340
1011131250
1010452614
101388034X
1014321786
1019382015
894574949
1015792634
894574566
1018541802
1005569436
1017805172
1017805482
1013249380
1014585449
886033322
799002992
792987705
799162159
817318283
788452681
68499559X
1020775858
1017747059
667818456
1009648055
1012159698
1025155335
1012159728
1012159701
1025171284
101215971X
799128570
1014326885
1012156559
1010431390
1016722214
102932316X
1023257335
1024661970
1020039531
1024336743
1023392747
1014319161
1015129668
1011928531
1015129544
745129749
78843232X
799187453
789000105
799267244
794214606
799242985
780602897
788060422
793886961
799250910
791377202
792987705
1012681920
886743486
886167779
887455298
786524049
796901740
746045182
788980505
796903166
798970227
1012159620
775913340
1011247488
1013764315
1017046603
1024702987
1024796841
102489164X
1010800876
885075811
884874931
885178769
1011131250
1010452614
895136392
791611590
791370070
796237271
788935135
818487747
786534672
776734377
793127912
788978594
817178902
1017805172
1017805482
1014480795
1010450336
1015398537
1006714928
1007294647
1017717702
1014066131
1013249380
1014585449
794214606
799242985
780602897
788060422
788450131
78070021X
783980701
79540459X
791547205
788991124
799267244
1013881796
1014497272
78843232X
799187453
789000105
799344346
799255262
796237271
788935135
818487747
786534672
776734377
1018614923
1016594739
688279988
1012324214
1016567367
1016210833
1027061982
1010927213
79668880X
799007145
791609669
1016190131
1023834561
1011137836
1010800876
1011137836
776725580
792736710
788467050
788992228
791377202
798971258
757120806
788345141
865484740
798985739
816925720
780711874
788092065
799181897
1009345958
1020745169
1026969816
1012157970
1026970520
1012157962
1012156087
1030293007
1030407932
1030279535
1015921388
1012156125
1024678040
1024675564
1012156133
1024672743
1024461963
1012156133
1024672743
1024461963
1012156079
1024694410
1012155978
1024698408
1012155986
1024679632
1012156052
1012156125
1024678040
1024675564
1016039867
788909401
798963301
793149223
1005175063
799249106
788469347
792748867
1025155335
1012159728
1016029845
1012157997
775912581
1026971756
1012157954
1012157989
101215792X
101215971X
1012157938
1030277672
1030257299
1026972205
1026943175
799104728
1026972744
1012156559
1010431390
799128570
1016722214
1020039531
1024336743
1023392747
1014319161
897128885
1024662330
1028384955
1028839405
1016365152
1028168640
102932316X
1023257335
1024661970
1028169884
1016363648
1027897770
1023394618
1024662179
1028169426
1028171005
1028096585
1025262913
1028169884
1016363648
1027897770
1016576986
1024329739
1025201949
1016364377
1029329613
1011799154
1018617000
1028170033
1022453165
1023260018
1025264746
1022454145
1029424160
897128885
1024662330
1020556455
102245269X
1018616454
1016210205
1025372425
1025159519
1028096402
1016316623
1018616837
1023485303
1028168942
1025262360
1023260425
1025375386
1029482160
1016576331
102489505X
1016576846
1028169426
1028171005
1028096585
1025262913
64411004X
71724640X
724115927
84971799X
638115930
656238240
826738974
720912784
668868783
641069162
734542291
626648165
668207582
656760265
64019236X
788347071
623734249
730884899
618584471
749654260
646923897
719257786
716628619
722053231
737457058
742389707
735642567
686642953
731598806
715461516
627395929
729553213
799760412
624756882
81307987X
770958001
689524595
826228259
68793415X
831938889
718511182
79191867X
776963090
672168367
636193713
630942579
664399916
771273509
687700396
632025522
688962238
737678089
828548900
837381908
805509577
654865248
646454072
72200379X
717742261
647489988
821907999
727076590
735567441
83793219X
663677742
635929996
631905316
719731305
620649399
796338361
665802641
746280335
720190983
68871448X
770838294
716267454
790085453
651759056
738583995
769094422
640598250
718141563
738084409
697290042
85968797X
73925488X
727849409
729855287
769997651
632336234
865599688
766691950
835419606
821924079
751706450
775908517
770557600
767109937
668547421
734522444
727381245
72239439X
646475495
620316810
857832239
866568549
73156085X
616346557
73607614X
841240264
724233202
837317835
737962186
750973145
735721521
630202664
77508316X
786190876
64687148X
632679646
648857123
770333494
856964255
736218173
680190716
726694525
655555781
799249467
773559353
657441376
654515859
671604945
847488349
620106662
751182982
636061655
653925751
857235656
863198570
769972918
857832786
777391406
668833882
641067631
86373295X
797127992
664473334
688340636
634344471
718141490
64754220X
638554020
747596298
767226976
781224543
65555615X
72241630X
622374788
734657765
655754717
848833937
654203105
671112953
734646518
688253962
869246291
657935220
668161299
689289049
837387078
620322454
841198373
716248751
717981843
843550597
749913800
635117649
857013106
865925992
661914321
723610266
702756067
684765241
775083003
71808649X
83997468X
654938164
737914459
750627913
636316068
640954200
842180354
632956305
654380244
646051105
849706521
727546562
720118581
661556654
798165146
720845629
798810130
735186766
71967591X
687939151
796330573
627498396
630050627
734638884
685387992
824100158
635893800
668564431
85174060X
737654015
642525145
837938872
661060632
734870426
83452614X
728468794
640953840
647550776
720716527
751182745
685173364
741284545
756931169
653946783
718540603
715695827
640483518
689349106
656501995
884024024
685174549
640749720
742096157
799759384
688272665
751726974
860012921
660177862
737275774
812330722
770258980
629484007
638345359
828416087
640491421
715709100
825723922
773564365
66811634X
717417271
619442786
735721513
719547709
79762371X
68249433X
718447409
769852203
715994212
857437305
654939918
631394850
857458507
72024563X
751873136
857457640
630205132
659475480
667750169
799760102
647434172
640753000
721073468
726173282
644455314
636318028
735332959
833116657
715002112
858907216
647868784
660695693
834947811
869810774
836146018
770270433
629636478
655756000
776052322
770557775
64132099X
738185604
66774505X
