738681792
734615809
735338167
720908051
73821101X
841197490
690262833
684812606
630085722
76997547X
657005673
66442256X
838191827
730740617
848477383
866566422
670362379
834045419
73370543X
756692814
738526665
66797136X
685167984
684846373
727502328
741211459
728911337
78463808X
657064491
640787754
644991569
845376306
870589059
847181820
670796840
641069235
738514314
654801320
654921210
717983765
684220113
835045781
630920613
719310016
716626896
722930208
668834455
730873536
756930073
751347922
748794476
677738994
729040291
812933761
717742598
809003406
769326269
656417099
820971219
718169174
638101212
639468969
729297454
715651617
686655613
729473732
776582569
774896558
855633859
735451087
621200468
623459094
720186803
743986296
746976844
816105375
669047473
663673305
730761134
743976606
844200956
661495485
834455323
867794984
85721134X
719260027
742510360
638077249
688722180
845796402
734401582
867443383
677739311
720846978
82664516X
777427192
727176196
65594575X
863512305
847448797
743967437
734590113
688141978
733892795
725941928
721439543
805168443
668561009
766169502
641328842
647749653
721564453
654228035
644235594
719909368
817966617
736111565
834080567
647651408
684799316
818879165
642356785
623454734
656170204
802898610
717582558
775243760
654940029
625021983
814170617
749822805
835298752
658929933
741333430
661601358
683991582
644991399
638511585
738219088
719936195
719941059
668031689
647392275
688730906
889243034
729116417
642171211
812615557
687586828
799477702
73359882X
653928610
742680169
689529457
844105406
865904545
672556650
647480239
655600949
750626348
786955597
828674337
656735252
739961721
668007729
684104636
631926763
647393166
857547194
833115375
665595492
833041568
638107881
718168542
797493662
727572628
661036235
847202909
664295894
716585219
646843303
684846217
719232147
663113849
767023714
689476396
843626399
79813657X
717316173
803250061
80034703X
718508432
734402791
822082373
640473520
733459676
626590957
732383315
66970329X
835879399
667350225
680054626
723997594
620298154
65549104X
689352158
626706491
723884617
837243203
83430399X
750213183
719546656
734914385
768166683
827361351
720820936
812324854
742428362
721891896
638280893
856454494
683139533
687548985
669371726
670484954
689817258
798786388
730402576
867942967
742398757
738588067
662348443
730400352
860143074
816510016
723929327
636830004
769836917
632796367
82681753X
647453002
635897318
81822066X
671404601
767452518
740794337
72706441X
73715067X
62348188X
665333161
648007219
824106490
626567645
865457883
750183861
859616746
656574119
625218329
756020077
663678714
680552863
85773766X
870174304
621032700
870147404
847289931
735327815
739434756
82046838X
656506164
630206821
739947176
766135047
720300223
668561858
640793126
828241384
856606677
819768707
646231235
684765454
837380146
733460380
689362331
756677939
726066516
667974202
832082325
870433504
720126568
647513544
727137743
833291300
658131273
86352222X
667984984
667380949
683492993
826808247
655566619
82631001X
880801859
740906798
831866888
731640969
773569278
644433558
717960781
641463421
648872254
737960728
825626412
733705103
688846955
640489486
824812603
655706151
769679285
841188262
796336717
660713888
647450593
623217821
750626542
840594291
727463748
833964585
718178289
826773273
687528151
661663744
68927307X
838014062
622709259
837932629
727443925
852691769
82552928X
843553316
714989681
68484608X
669576654
740897284
869494570
665558783
71996783X
797127402
841296847
720566762
657016616
656005408
755780701
810607816
667698493
72190629X
639470009
68289107X
667987460
857820370
81796486X
871287196
690258984
834727749
74206624X
861765095
729955427
638366410
737911050
727545833
800433416
766239160
789714280
687533317
740840703
853487170
730764834
715643541
666096139
769521703
769912826
822339021
771564880
637734793
835029263
667583033
690100523
78841898X
732082196
827093276
621091839
68980797X
86302212X
843625384
863297536
657448982
642362149
655567070
729747948
645073741
736386882
810608308
716658844
72373125X
775083887
741118246
826742866
770950809
840973357
667096906
689478941
821493140
746333374
72094290X
645923672
826228941
750208066
770924476
768173140
689064144
840807937
686741463
858939398
818197676
736098836
668645369
736440046
667638881
689271387
859775127
688143008
749860723
732584825
669462934
715131273
798641738
733960502
637850424
815783337
838015085
685603962
769148611
845121766
637726847
833521926
679601252
730930831
667588841
632123567
836449053
631899804
736726527
836323645
640966497
881609099
827938098
729895505
747380929
789275384
630916578
841197601
827370687
847945227
745603211
656893435
720941393
732710057
733817645
839814860
632682035
723889236
717289818
718129415
622710397
737583312
669989916
663876141
651698618
661597342
790171252
717455998
625857038
746285817
723948178
767226410
730534693
623520931
771754132
680586849
837312752
629638268
65420313X
72122668X
871296160
688436080
703983482
738390585
860529053
663672872
730131386
857013807
666178410
63808900X
769980635
755393635
866544208
654228299
868839639
813128013
722019041
660713861
770135552
63233620X
775082600
65607938X
891053247
722404638
685782719
670792586
685617734
624585794
866399259
769341144
770791336
636597369
625697847
641446128
862771188
719731887
719160707
689063482
770100287
729747263
663884292
721926223
833190024
747595054
644673443
756930529
796723494
626583594
667638733
750229748
656079673
851729983
794143709
670300047
837880610
816866015
723920931
630152470
63020294X
859777499
741287595
815773439
657439282
799986569
670810398
630991162
684825600
837382939
684846314
646675915
661501019
663595657
723576912
654526532
74657245X
848533135
722202458
719925533
770216587
644067012
817725938
76932956X
689258151
746043724
690162170
667767622
664253032
780715276
719566339
716095580
74513839X
662325680
668181419
719787912
726008745
737818697
796428301
736702393
778476022
832394467
826335810
656968656
623840618
826262333
689469373
845796682
626708753
642697841
843536381
720810175
837390788
737960965
633196290
670814660
664422098
777357259
722914431
662828291
756020700
702964018
657112070
769061214
826239803
730747840
82626154X
817975527
862529611
666177449
720824915
718971264
866225870
750566272
845115790
815735618
724893903
654940878
841178321
79858730X
638671779
631305807
857086014
806959916
718305302
835533360
723909334
664412505
770557155
767428579
788606417
665961731
859255689
670094331
636595781
824476794
663384214
75588826X
868668966
717741737
63072864X
720125189
736595767
65751571X
85347365X
845630059
72628520X
748782060
630138230
845374486
74128331X
671926063
635707683
670079405
737963530
734869878
729948609
838324355
852270593
866100407
774665491
687482496
664327567
843549963
626996813
84883819X
687790417
665535295
866979603
627889360
832190942
734978928
774888385
718508610
733296149
715975919
83238769X
724127046
827150814
825725763
845648012
81522138X
66639122X
664208428
727866311
770560717
745169732
64745422X
689544979
622430033
665301758
62266459X
749512520
719396751
77176121X
627492010
665544294
68786366X
647533472
615021409
833999265
685572358
641617305
817728147
774760338
809021102
864388802
723352194
618822453
665333706
634892533
675455367
647427370
720756057
849542324
720123275
785967001
822176467
80292137X
734985320
730643913
867164719
655849505
75716885X
719524083
77902303X
719682363
646449869
735643768
671681656
715938630
86986713X
682432652
868590282
657458872
690263279
847165191
776965220
720763835
653875401
626605563
71986142X
73440199X
644549386
622416383
66532880X
641900791
666709939
729857085
72689480X
65485761X
743883179
852462220
740798448
640948618
684386674
669145394
835246736
717407667
750526440
685613119
64378926X
670498602
664280625
669594709
767023560
639513301
641993463
634097709
644842385
719729300
717383229
69990868X
804980780
682497894
657447617
634941674
72403241X
822336480
812709446
672237741
622691740
644842997
71559284X
63567310X
822229404
688054382
641936435
716627604
638556945
715711474
805464921
743635361
663108403
72936724X
699924006
749907061
834230879
640226116
796336326
730613135
621232149
66784922X
736009647
721953867
683931946
731841611
729555127
719060486
647624141
727037862
64252937X
642354596
860766756
690176937
654921407
809000415
657008567
621458554
756973619
746020465
666567018
642172269
731588908
729141004
631325832
688938841
730533093
68769485X
829612890
654042225
720853850
816649820
770924174
731533577
667740694
656153482
661663426
682490768
664022065
716161087
670454818
682489875
819553573
718169565
625857437
817732160
853807906
738399175
663886341
756461472
651732220
689494467
743684036
682374547
687696518
863151965
719572975
815430582
835539652
798952229
791693902
75673181X
641533616
66778151X
689701683
672447487
687961114
862387884
654068577
863628176
646498827
818344075
856471135
646234315
64102097X
625030176
626654858
635905744
66596594X
647549573
734922485
824827309
627045863
634937707
840097271
723743967
815347219
627764940
677760639
766144984
842143394
846122278
826353584
833297473
777218550
733571832
774885068
739335871
781532213
847684113
751182184
786421533
775085359
647643510
757401821
722187300
719828791
655969438
657469041
825538084
66786945X
687534917
816690049
784139970
735643350
83406717X
665576471
653868510
672245140
654797439
684372169
656176563
831939346
837317428
641939493
834922347
749711280
66886995X
688056032
830328424
81821726X
664294561
715135651
793884586
831847689
834081342
773572708
730094952
667863958
73039672X
771011911
834233460
63659775X
720540712
782823483
841161399
624813185
729503658
639749771
664767532
717412822
827085753
668655925
665460279
872935124
728508354
68845805X
643996494
85648931X
735663270
787774715
634171747
737436700
719826845
632026065
823984729
734980213
749666692
870910760
664276792
724120254
834474913
853170177
757105645
864014570
749916680
619075708
689157355
812418271
817496807
770848915
622710648
871291444
889242917
727120573
719577845
787342866
618824073
643810218
