656082615
881444189
655592857
72669908X
66432469X
725508027
624984761
65811364X
617366950
825930979
810644800
77247480X
680593721
883815222
672748479
727071270
656970448
671781227
634945572
870128728
662161815
746522827
644445025
767844785
827942400
729939774
734525249
814754643
635643650
770008178
730360458
661663272
63951152X
663101891
742389960
838546579
83632742X
806840676
629983534
72489487X
734399944
642996792
847268918
656873434
833621343
729856003
722912544
663614678
86017199X
730428958
748732845
852149360
771758804
671780476
671437046
638860520
749754958
717741125
647121719
745202470
631991883
654363366
663674417
67141366X
771534132
845576518
64455049X
717562026
621628654
67047388X
644551011
66532796X
752407821
663671108
860771849
689067089
654068712
777239086
687471192
670055794
781342481
721271677
718543602
715670212
718936361
729581489
630151024
805156976
670908746
664491464
730463168
745281168
623744856
838221939
684539098
893523046
812944836
643935312
76868529X
733866611
716262436
770862667
719396247
669594172
733925537
772070318
771805292
770849571
66017409X
636312534
66435890X
809004690
770129153
684829770
781090423
838096212
867095350
634267167
685238792
774700998
812611594
659119137
817011463
717590429
815601344
67265556X
814779514
775841269
75549430X
729452603
729853810
777053012
729879690
856953024
786056797
840557671
744087228
726000205
655965084
632818050
640226019
826742300
845074768
727460587
744083508
863824323
629486816
634269798
669218812
735741751
644411112
669369330
640995012
727065963
768041953
67143716X
656576006
664490301
739414933
840970862
688371981
777058855
632015284
773570470
778183645
726198129
746283822
623600668
86560018X
868719803
863417612
838017711
63946646X
834584549
847181502
615391729
749667117
715808885
719452678
655705333
746954662
755864638
685011526
678852294
626960916
847316327
669149713
660752212
773446648
716265060
720566274
832283290
824075803
849561108
668676256
845573691
738391646
674622332
672514265
845634895
841167435
82665293X
62265005X
726678309
857428322
631290621
841198845
719863007
640604811
644069813
821578014
715807684
646881027
785666427
665457499
636862577
690152086
636767272
64193422X
81537027X
867003103
868718173
646450441
719386020
660149869
728996294
670725013
860752674
718536851
718307321
641069154
680563032
716646382
869725467
659397994
667706445
846742101
757633668
856301477
730074781
788755625
725318120
719439876
823054608
841212473
630776768
745184871
822874962
665534892
684766469
71993608X
839996411
845653504
779807340
746231997
744895731
633772968
732411904
744896843
737651415
859617505
684376725
812685806
675809770
839146817
74128622X
735079749
688247164
743965671
614265010
737992891
819043656
720914841
846387433
726586099
655839437
745196020
675829429
778571769
83494040X
730349950
820475475
724282661
720226503
746282214
848560558
772069948
640991319
671613316
668644117
789672782
735209707
781906326
646643177
642531099
769914527
827009305
644657162
840891385
715398474
632662298
824423402
66104968X
835865916
729127605
775838608
867882824
643792546
841169810
664353711
816509972
657007544
647466511
737353309
739834894
865905150
848466837
834846586
856401862
638341663
640470939
798629371
646446355
749555351
749339748
662632877
838221688
776597434
837283868
775834998
718448162
733555101
658114093
717823628
766432076
856609153
866991476
815221649
81294576X
668125098
629760667
832764523
843874147
805594957
656738553
720248728
664286399
734545843
751348538
739802046
664022316
715963708
805017364
672247275
633688568
815769253
795264380
661647013
743954289
734639163
71756276X
834611066
720096596
870597612
660942240
895247356
755991788
717830489
789526166
719258391
66559089X
73840022X
770615562
73064314X
668833165
850609143
642924449
734596073
674623800
721542077
870587471
819562599
751729841
632671289
720845556
859862895
884809862
720217113
660145081
722919751
769768547
85706651X
84557258X
767045084
735214182
734846649
680280200
730463907
623833018
848552644
835297519
849695856
637979443
866827862
770217346
812785509
767448278
826815316
654188742
735202869
751122475
73851649X
645280925
729555976
671181750
795263848
697273075
858560933
62659104X
743966880
757127061
830318887
834658747
668564911
736113274
837749883
627412254
728993325
663082714
630209111
672196387
858925451
689341814
630139253
635893150
618600884
731524268
812861353
779752600
637981030
755777794
68395430X
863856829
680548742
828624593
667700234
720842964
618533990
688716407
721923860
689470010
847163504
737449187
660175444
682489786
626400058
736743383
789091844
685560171
820639788
64236091X
736218769
677745893
619996587
721913814
747596832
629630259
655855114
721271464
83422769X
670522791
718085574
730566412
833275585
697272761
826773621
690227388
745221815
626265363
731508556
846388766
856609277
820473774
798626186
745273076
640189954
654013470
730127044
664090907
780053435
635300702
61878943X
730473325
63280906X
64268202X
688435556
769745547
787204382
778062066
831867272
659449552
766369145
735080712
619079584
625293886
742094979
834849313
876381573
719388732
738386723
670196185
685545474
647387379
720766109
659475545
685208222
869859617
791045846
797652280
774608226
66803436X
685368122
745160476
895248174
721973442
727543938
640956858
624671151
670295744
722158467
861707516
76643222X
770498701
862518288
770108113
823987515
783987862
895247585
837736471
812699327
779753666
720227623
87337102X
766369234
719393477
768524547
656504617
817338454
781225426
84238989X
779754050
669222860
880855428
835473066
835470962
85660982X
835384446
873363620
732413591
876381778
796693471
773027165
796693463
79314597X
756350735
82219063X
732478146
768524768
661573184
877487405
890187800
773027092
767045122
809027879
768666171
796693420
885333713
881444308
86170438X
768634393
774706007
880858338
86174988X
861918053
777989964
783984073
847630269
766431576
862083966
796693390
844101893
778062228
835385442
770863213
779753828
768525039
86181567X
813072050
818842857
803539444
767045149
789000393
83547268X
76952205X
774707135
814441971
890191646
774706724
720227224
861753135
770450695
72022747X
732412870
770971946
735080445
823961230
860457001
862761778
812579984
770863760
87771147X
814756026
835469964
842388443
861772865
835470539
819571504
817338292
675906636
766432955
774705329
781226406
873364325
743778987
877487928
720227968
768525276
862762855
861751647
884810690
823961028
836134109
835385787
880366605
878220038
895473429
74512853X
656504781
743779371
769522408
880739169
890196958
842394796
882522280
863529941
898239214
87500900X
87486481X
873747186
895418908
890887993
881319732
877542252
893531871
877987572
871708604
873662784
885184491
883906333
883193620
881144568
882540769
89025592X
893443980
872570827
89334088X
885356314
874008360
890254885
878911979
89465232X
87258481X
879367024
875110355
896567605
894100068
884361292
873039610
887675484
895431742
877018618
880858788
880740272
65944982X
770971865
880855819
749877081
822190532
857732188
766369331
824427114
835473228
83547173X
89195449X
894653644
884894169
884821536
884045935
891086420
880705884
842237240
872611175
875728553
881349119
890776040
882294016
89360335X
895884976
880203072
884043991
87005144X
881229873
896602095
879424508
877613559
881581542
880359986
877631158
884409961
885661885
876382251
887734596
873673492
883899590
871021714
888818343
872901939
870048899
876661266
895575353
891029567
874328217
881571490
875989136
889888299
895883449
898688515
873146743
894816039
882529161
878736808
878094369
871449757
879362464
889810443
872382737
894147676
877629102
880211415
895619350
877728348
884823393
880703156
887666469
656504854
89592157X
873319044
876373988
89639526X
87374070X
896473376
898496853
877989001
897397479
897204123
896805697
884264386
873040783
876734999
880224487
893151467
888263961
869761404
880704861
881571741
883901412
89149247X
873750446
864770979
879904941
1002295580
884573311
876991622
895013800
883844265
872484092
894259660
880698705
884632733
893328634
884636410
893331007
88454687X
882359029
879905492
873733282
894163000
880198486
898255260
873992946
892643366
884550389
88435038X
89482273X
886928044
884541347
871450267
878829946
881606510
893899011
878748431
895619970
884859185
874388511
882543032
882536893
892659181
890367280
896840921
897193652
897193601
897378008
892656549
886946026
884548066
885084829
893685445
892905042
894024388
872461637
882388967
893532460
883727811
871953781
886560047
875830749
870102036
875184774
893461253
88048926X
898254094
886928699
1000296474
87374361X
873615611
898721555
873795679
873317335
88535611X
895509148
872477894
881970131
894217666
882355104
896095215
880542683
890143439
896795748
880703970
883609924
873658892
877379696
879262958
898727138
873993268
893331023
881460478
882354744
875193560
875836992
886150736
882209000
890440700
879364041
886559278
875737943
883105047
895242338
879379464
884525171
892794933
881137820
871344998
896158489
897857321
877011613
892989955
880364629
88425464X
894299697
883842335
89855795X
889887551
888241283
894104594
873667859
875104932
893968307
882037234
898475880
892795336
883777568
885100409
1002249406
88824147X
883777304
869371290
898511569
86445967X
89832713X
873183061
882810693
898183545
872764095
893987948
871437872
885333985
898575397
894240552
879904100
894698133
884389723
873987969
898487439
898136687
884545342
869874284
894757245
89812252X
884598551
873484703
882887602
893886777
894263250
877820236
88401438X
879944188
893683019
872819043
880714522
888242263
882545744
896158853
879183098
882362569
882232118
880987650
88613966X
892646713
874225388
893587982
880700947
891066500
88127559X
882037838
894106570
1005295883
871990199
872136132
1005295190
770157491
871738503
871425017
100008096X
871971194
1002295106
895463571
871492083
871495201
87145792X
871695863
1004757050
722928211
633000140
859697487
863947913
894110047
877989877
1005259445
1003530982
898846986
1002295211
898834201
1000081869
878751424
878744290
1000082083
1002179696
1006361898
1006113355
