670735361
726350958
796693986
837933234
719253500
746232853
786967447
688808336
621144886
838206638
636529487
867003960
747328951
679400605
768544319
690196873
867093293
641149980
797427422
630150842
824005031
629632863
665965427
869503073
662038924
779977084
770195318
734590490
747236895
721970354
771649339
87101243X
719883121
715201395
863417485
771263651
719936470
686920392
796724016
769669603
73575277X
826913628
73533353X
729492435
779693388
662038657
741505339
790561603
662034791
837386543
725929359
641925778
73547723X
664253938
644673176
783230702
641147988
835382346
623147866
665454155
756605369
690152671
655956301
642205981
770890318
670809314
814775969
71552030X
641649746
734591756
688519717
643796479
781611695
834023032
85973210X
735662991
723888949
716639297
767200853
67957607X
835393712
797842365
644121173
686203968
860178439
634495836
735669368
64882120X
726351717
72021808X
770702279
672727072
719445760
731561945
668286636
722412509
657408018
856430404
647463180
773452818
870596853
722013191
846319519
768204380
724198814
861637275
635709619
812329643
73940833X
689232632
737654627
719544637
655548041
688714498
689049242
770335950
870787209
717459551
647470306
76986869X
771745249
66311425X
689489595
83774668X
812943163
732379512
637364821
840095627
637850807
78567697X
83256074X
623451263
831872349
83801559X
622997106
636821544
636575861
715781138
785510656
747108757
862638585
860523748
641900538
858994968
831954116
856458201
642929890
756383994
767478525
833193767
719260914
755437802
727570781
675474833
77101175X
682491306
73183674X
722234333
861103270
630151989
667848827
867796278
837433118
853485607
866465529
749673729
815222416
626996090
779186729
672340127
855605227
671885545
665535627
684703297
719570794
647738384
780054598
626584248
813653398
715812416
856456942
807055387
687058376
864337574
728594064
689283598
717914569
68837462X
688530427
655600094
870659936
723316481
718518012
866481400
665552114
858959313
76784498X
666178100
812951069
647175118
729875466
749608234
81367008X
737965460
687984963
656238836
654205493
820474851
726795518
848711009
620699892
846466511
632026383
729504107
806942142
716579359
745153658
63428066X
719936748
626583225
730142884
646638041
767869206
769182313
730538168
688732968
740796143
665598211
72008542X
679522107
668684399
660714191
715920154
820967165
74689175X
771808542
849541123
664254764
727540599
66958956X
655857265
684995913
736638849
866828559
747083827
829192891
715967541
666384665
627075401
661087514
859262790
637496760
630628998
723615756
819418773
667588558
666172986
863750222
734636687
685792595
74628490X
641532547
869376322
745115977
641317174
619858788
660707551
733824005
846787253
648858375
733704867
730434621
714976903
810780038
777881594
689261497
718219562
734979460
739419374
656553146
865959552
678891478
719526442
870435701
841162220
644436042
719110211
631464328
818218037
726345105
730328368
720323770
630050201
780089626
669224979
722932626
737908823
689362048
715587153
771023987
640207561
820543667
747424160
641657757
729560228
665554133
834633701
654374392
725586761
749667311
738503525
629523282
720845041
667470492
731725204
689364482
678358702
745278442
870783548
688565859
722363648
717996786
626998557
777881446
832635723
641989954
618821341
634893149
737822767
752378279
776436856
834728575
832650625
728440938
675480337
688732763
635104857
633006890
630945543
833253328
664410464
625233603
788991558
728504898
86867057X
664294316
637739124
734981244
736109811
825706939
846740621
735573093
837934613
870649434
644391839
64528047X
669038008
859893227
625732294
870145320
832997889
739270028
719974089
627339832
769817254
660180561
643785000
822084260
689469152
73459030X
729336913
617624569
679414959
630991111
644069139
747822271
729723879
853806454
660945789
641904037
869453416
716153300
858938626
656006390
860863441
635126583
720809568
77508168X
788441434
828222274
638577985
835302423
745602436
826835112
735197695
734873972
826989233
687938732
770101496
627081606
725567457
787855286
670389129
781198879
723404437
716157810
736222057
864326068
837281644
729724743
736077502
641535023
648823660
833975765
773445188
72954110X
837306302
717980952
720204119
767871723
672334976
750192763
730729559
670457620
775133272
729044165
635053403
81528103X
770793231
654203563
820589489
638225183
770791573
647996766
68438163X
846586088
841156786
685297624
62741205X
654989273
686131495
625173449
722919352
806942258
867090081
863141501
838021638
715594184
638369487
653922531
621206806
730126072
627882021
73853532X
77522474X
83327368X
824848365
770129358
642363900
637059689
768058740
756393272
715049119
82560639X
730610403
767845528
747597545
62584646X
73941853X
786525460
684820374
660168626
832078468
757169058
645269379
777881497
770364047
717896528
718154096
720815959
720919010
719540011
661153959
736585338
678371105
719396891
821491601
777881527
64094910X
63733244X
792715829
745634133
715113860
644406895
737843500
834475944
72762685X
663861195
736080236
719575087
726666696
735454639
856707171
656172835
856489050
77044332X
721990223
890373507
741120097
745849830
632045957
718279859
625715926
857747339
656179236
636531422
716625083
62530537X
749912707
777217473
686081439
720288606
724241345
785966773
665316828
630556210
777882256
670502294
668484217
631928839
620327537
647481197
776393421
769972551
782722873
690146019
871295482
773559779
718182782
757458858
683958259
830318690
751756628
672988399
723334773
684439735
787827649
667780963
734096283
723934053
631324399
846809656
688253024
647432617
664358578
789626683
72709632X
791362876
83784844X
629525641
68859249X
666505780
720913411
767869419
870665588
840572298
720836484
644070757
828672733
617379416
619021047
657575259
745281133
736838198
840571062
730094766
770889891
688567363
618820914
813659949
729492494
690256906
642924961
64746408X
746143672
689363265
79672475X
870576895
819417866
717878341
690194285
729566404
837922526
78123185X
627409504
623228432
619079770
745434541
647489821
771534361
662136810
623234998
734820453
860012514
729747964
64396956X
831866314
656084707
663591384
726231800
689205287
720823722
817009191
729596176
685801179
786647876
774615931
665552963
660751399
769657850
722481810
718141393
689810504
718042786
63504692X
844090956
664812244
796722455
729698424
77477830X
867094311
822084678
84948460X
735487367
750187379
655966471
644638303
635713047
85174379X
719583810
643005471
667638555
642368015
670039845
870661388
630493391
728979330
74662283X
858561875
615108830
665306369
824588320
845589946
647149125
727400215
841198616
687790603
841219443
746020066
687554187
725520949
833376756
729071944
639498086
718733347
882209388
814182828
81668958X
79672234X
646495798
821578936
780607163
731518640
771929064
745278876
729057720
756690145
672640872
825553776
834526514
627339379
826034594
68954264X
853485909
720842611
739326201
647749572
826314805
838464963
737357061
65517267X
745728774
746233531
715116487
834616327
769918220
870129600
868572837
829339523
780717333
617414505
818026820
716338157
796723788
638499410
719548713
640251803
685556921
768028396
734915748
809002574
721442110
638281113
641929366
756020182
797885021
786888334
647140500
770195741
783241712
757405118
836327675
660769816
635130971
656083794
715130072
82778774X
716250314
848486056
646130048
65437791X
806934867
773571108
717406288
827064535
667320946
867882654
667703934
635908026
656080094
746452160
75059702X
717273814
85986345X
630150168
722919492
827491409
65596259X
635046741
720396972
736745297
82240737X
817497684
859731189
732556899
630101574
863623662
841165726
866223657
638114837
642541132
727389025
817966218
734101678
734615469
663674603
773819614
716154544
767218841
806819340
813652693
870663313
832870285
770001548
775981990
860342956
824848446
690232519
807028843
667689745
648843068
642532087
734881630
670056960
756689945
737562722
640590799
863299229
684265486
826993907
684268256
637737040
626996635
622754025
833124471
684930110
722934467
792125258
724034722
744092299
846570084
812704983
728890968
777882396
869814982
734980965
736015655
626710480
679434534
672453843
621636010
835399303
683956760
641443579
826768539
821985698
773154124
68893241X
770133258
68895801X
656076771
734521839
827150628
689493169
715116681
737651474
726018104
668060085
77788187X
77379719X
632662808
770334059
640764479
689176473
718444841
793149800
771360584
745140149
756949556
750976780
642870454
805469516
824432053
751104779
656005904
648837939
65711474X
76974740X
720908140
770006663
627682758
775911569
749607165
776547739
859774600
716581787
719494591
642407002
688010210
682455180
654677573
735289190
869241907
715976222
723891052
665958277
773569480
646496816
766752437
642372128
747085625
777882167
688335764
638510422
735230145
741237784
720811368
866083626
766677974
655956689
770971512
734103700
722251408
87012840X
866828044
734637985
745215866
727121596
72996616X
871297485
767223772
749913479
721345263
725928638
863516343
685553922
865943982
767844521
636074579
668032316
644934379
72636424X
682517933
818422556
635629232
644409436
834020726
636817067
747237204
680190406
817966811
734008988
770442366
827017952
774788038
734637721
690216009
852162219
751876690
640956149
657408646
86477494X
685566374
847536335
634495224
804995435
670090964
76710529X
668645865
832844233
626308305
770133681
715687069
72019749X
788925253
769871062
682491136
619999357
746966148
73767735X
86275397X
730548759
820591017
669043109
737466219
690194382
669049492
746828063
72056252X
756650836
867783222
644937858
729855961
622646281
784842965
656921579
756682541
756944961
853808236
748794247
623482436
72905585X
819429597
728985853
667846174
626998360
631322914
83875581X
654677034
769898297
859616398
84097499X
833133616
866502408
688154026
816266662
720773296
661600300
719118603
815594801
770783287
716384485
664565727
638518598
657469874
729492613
731644484
728568470
648822117
798857609
747405360
755935144
777837838
815227078
722201923
626454808
669225924
815369883
722012853
687790727
