65438200X
635050285
731636546
870127306
719255333
723724679
637849620
672450348
775977772
818708905
719867207
869395750
728291428
670840467
669219533
835542041
735199450
646681362
83538358X
826733077
716912244
889507848
734914156
749578335
661060276
864351917
895143003
861693124
68493390X
637729420
718312813
72936853X
659508214
656008679
619832983
73463756X
718146115
755781198
821928481
622966081
852692110
775243248
816509190
646470469
815878931
622663437
647392658
644084383
748732381
647174707
749583665
859861171
67298749X
630915067
846912880
642354278
643788581
746987803
674659325
771011601
715659537
777882345
749823135
835879755
690128622
671889176
688031420
767210972
818218010
863847919
867942622
845468049
813557518
631925821
798872373
830179933
770782957
741343908
832905550
648004147
688466265
769501958
841168865
654989028
684431556
837932408
654422672
688435238
773008179
736076484
642356351
625856651
717289826
685195155
726756628
749605561
648826694
667677909
640024645
829191615
785966412
638226147
721576435
769511651
664656501
685798429
777057220
776722271
721438253
687687640
626997992
812701127
638870097
672727587
855384336
749763817
858941414
656874635
648841022
720796407
770334261
837758629
727499882
835040232
796693994
820551589
741503859
630535450
827012454
665956681
735771669
728276860
667777148
803541554
667863281
740899937
716097559
815338236
720112494
689486251
729966143
647852497
69021846X
65756592X
756515823
726895881
631312412
669023167
828624828
624821382
84140545X
688336213
715350862
816572542
722468571
861540638
733829120
715539191
670292141
768027616
847785882
766678091
64625507X
636805654
775769649
73048680X
667700722
626582229
86127203X
79897737X
766677818
746230907
868631175
722198302
780435141
684531097
686710533
849545560
738584622
746233736
735593965
65437578X
721896464
72714300X
822080982
664246133
665809549
839142617
816154686
664347118
645275522
837376335
68779725X
737566701
669594164
654800375
863334199
816157162
862993342
871280795
805590390
668030593
81971500X
687485827
809004011
675918804
837362423
629775494
847781569
747074674
727130560
769748228
777881845
780424409
851411223
812933745
82442137X
723741433
719581648
856735051
71939466X
820973041
627011578
689475810
689274327
734926022
630460906
672514443
817309403
729167763
642975302
735803986
67051053X
718803183
685807525
85378972X
689845480
63630910X
822416212
832645982
834534126
771613881
660941392
68608246X
63857840X
813127092
847861945
834944065
736006478
656749164
832939765
844405191
723748055
640765289
634493027
658124684
773023186
719875978
631206825
731726812
862928222
871265737
776786563
845682407
734845812
746341652
832076805
716587505
82046595X
797039058
664666124
846034352
672619741
672513544
663563569
668027053
846375834
634260294
720127149
689345399
640596819
739418831
621198617
856128899
718306481
685188035
684823853
626583748
768170745
669462071
857235273
657479853
736435573
668061294
634955667
63211889X
848467280
670388920
656956941
79672217X
670182699
715289764
747594465
730500640
817990410
689064411
797015663
721220584
722020325
769837638
632781971
616558155
631928286
654797749
717589358
653567219
663672694
737960256
726586544
631907017
841173567
72068773X
64217203X
779217489
667380655
663678560
739330039
662669126
661845389
718486390
641620284
661583783
785510303
770101399
63456210X
746826990
647225700
730912078
716626594
828221650
866400117
786800364
733812996
675481821
742423271
775833282
739400223
647461218
675475554
726243809
65359979X
654832625
746022468
65675284X
63591249X
737846550
717591530
716104113
776503634
720208416
688580823
812712277
889507767
729177963
718119452
665964889
773881743
729472426
86871206X
828151253
737934751
870127659
68435540X
629823995
623753154
728671492
73601635X
769638570
721930735
719796202
635733196
715969250
636567486
688935567
666173796
641460635
672595516
686648900
642181349
776549553
66154253X
812432843
827006926
723570396
789528371
771739303
775982164
826381715
736600000
687468647
719308534
775842087
647449838
746232233
788467891
848049667
684704129
668285362
85621146X
842182780
715657879
833305263
834046768
734104294
671109839
75577843X
62741284X
734607326
83730850X
735780412
730740579
661037789
72757731X
813126673
647469081
859617335
687687020
629821305
834852195
717288684
769917844
859905071
780592468
719664861
750447249
742692000
630967741
814780059
642367272
740896598
861640012
750627719
67274774X
832998680
817731326
833484923
732556058
640642039
772530785
813592933
737821396
865924325
866896562
805158375
642038279
638091179
634013718
668832754
690221045
77097144X
641655134
621636592
717185702
724113266
742096483
672640759
746532008
783135327
867943637
755789474
859860787
730157415
65691484X
869456393
729741125
657064750
660172658
791461629
619913681
654505330
738206245
790217481
719581168
746289456
680191984
665302738
642734569
782523196
728777274
818849991
720913586
815698429
721131441
869921983
85743800X
68018371X
742451240
719698227
654923345
827082061
625846613
64623322X
827927037
682495816
848114264
770710409
641150172
665959338
858602318
79633613X
664255523
834619563
637728475
721270662
636082210
749758317
869437038
629824592
688275117
687589347
75170685X
729883973
71940360X
839471432
647482215
688366236
638281547
622446509
812334140
626959365
858957426
766674851
766373509
774514302
690242972
780426649
641218338
623168359
738521930
646615874
832638765
781090385
638175259
715350935
667830081
840988451
66213527X
702967343
738524085
87017116X
827083270
817139796
827349610
850623189
831837721
625697138
655751424
647155443
679579214
617461147
737654112
730095290
644502592
654831246
646923943
702615390
819428302
798943270
76987021X
828817367
738595489
820474568
647141396
689578784
614494036
71724878X
742491323
750981156
831841028
660942194
826898289
755779649
620005777
71510053X
820609285
719150604
729876934
685825140
727383051
660944324
814782167
737534966
729577090
835522318
715461443
639465528
665301227
647393980
869749927
869230832
719918065
68892820X
624781550
663617235
85763321X
740931997
797645187
75712657X
871022591
63377068X
67272734X
769645488
815235798
737251433
811154831
773445978
621202029
640592279
819417718
832631426
643908714
832347868
820967645
838013791
774700610
641535171
729885038
756932785
66367493X
682943878
73521770X
689347413
641643594
777879395
836712811
859778592
690230524
717421473
684758326
634081063
642426007
684820110
817148094
717995070
778296148
627752527
745203167
724121943
65607793X
799280224
668564326
670039462
796338523
790561360
720926653
841182507
722272073
863103952
664246818
767101553
627046207
655547010
737515805
654477205
726585769
664471056
829375074
627396836
62316891X
723713707
837707692
663871832
655008950
863166660
812453212
654069972
719286859
755551184
716002604
669991589
674621727
68885964X
79669396X
718214986
635629178
796723443
631006036
755935403
77842927X
654795185
777347156
65944819X
803531168
79737079X
715537962
614623235
737654333
716026368
644765763
848733045
641604068
739403370
777881640
635045508
861901169
749834811
727554271
786964189
841405611
796693978
871298988
739331159
826742181
734605145
690103131
656082119
773114831
82443238X
749342579
727399349
857457926
73399136X
780090128
743684389
66203726X
638494737
724117407
737443553
747131228
779955897
818420669
667603174
647159074
832074756
777881381
622375695
841230420
856701882
857435574
845470175
774604271
662326423
770472850
663676347
64284223X
717594068
868730483
739365290
828221979
856130931
774676965
638508002
776592084
728979179
865632219
730749401
84121476X
660176440
86716056X
736434704
757459102
778193586
84116469X
622404865
725335866
859324567
796825823
647650762
819407038
664295452
668126388
669440469
633774456
661157326
715915223
815708955
728283611
654218269
729884635
655555056
792747100
643801626
655845720
749554312
640625274
664345506
635692066
622659847
717387356
768027985
856965669
81779784X
67544005X
688258360
723997918
618784985
669152587
737112921
621230979
800994086
729342298
654375259
630942668
735495521
79669401X
776128833
864013604
837433703
827773730
66523113X
747438773
720795788
789523493
859695611
642681929
831839724
647146886
87066185X
618588051
870754823
629466165
73642895X
749913428
779724372
623009722
742505154
67246103X
680192875
737503955
640948634
626581109
858559196
72423151X
847213390
672988143
644131179
720230926
827369336
71798124X
832651036
826815537
634343823
841198764
858915243
626819857
806934557
794374093
766177874
638859468
635256045
630324050
74888176X
723482993
730063569
725805692
71534823X
624582051
722198779
732453356
774039434
770615783
741240580
687938279
66446968X
648822842
656101504
716574454
770444210
859618900
776963384
635067110
73045374X
688730264
667605576
62162778X
732554195
632377550
68947945X
688246982
622760793
749876514
78875551X
635124300
771845030
731726499
750446730
726285412
861900618
835397785
665802412
684996405
730924181
741286017
874872618
688731139
671775537
86276016X
718028481
675814928
64466889X
834298503
846207400
641656351
647640937
654379882
647394251
722016573
834935503
638369037
675440122
766177971
635716240
641637373
730344991
832788775
863301444
684336553
639497896
679431241
820247545
730746747
769830358
626996198
656065427
776340247
813249759
729471284
828220662
741507056
624579093
635127091
670110027
823934004
665305958
86300587X
655553983
630779309
821577670
777881675
668942304
72247671X
796724377
803658214
656236299
827097026
629792283
654067635
647483823
726443050
841195412
723559465
863221203
779202465
655938885
684551705
631118993
634493957
688402720
846740982
770803113
618789286
734874359
741350637
71979921X
655703594
779975065
858598116
745851746
843551968
690118902
672457105
719118611
715687557
726231533
787945129
679600140
656004290
730239217
868669725
827384106
668699728
630534853
734399855
65437855X
687688981
727541617
749607599
847180212
766680207
826736157
745271456
887552218
633947504
654071225
721975690
770363849
724873449
621155551
822877279
74209586X
