630590834
672249022
717418189
668035277
812422597
767018931
690165927
768637155
669440752
788998528
673005186
647475308
858599015
643797742
634964356
867881232
717563286
85894507X
834574594
742548023
820019399
724032681
670498211
75584176X
719386837
76846658X
81764671X
696793482
88071705X
777219077
804406707
720842425
638496748
815345194
723891699
658122185
663466806
817724249
717245837
657054186
643791507
64493560X
716020904
719927366
81534693X
770702082
683947672
769003567
815601565
66265577X
816564531
805379762
66553373X
826759912
742428052
81650556X
718213726
746956606
641666888
768041228
689705190
640993389
776586505
718215338
687867746
671400843
732411556
646490982
858911213
733825850
813566495
668685190
745139973
751757225
657014273
730555569
719933838
769768938
631296301
841179646
814181953
735964270
688562361
719328446
617148546
715698257
826263143
864502354
718484290
647433133
687815436
743895177
834610639
858613131
719549833
616763344
665763549
663508533
660150573
65742577X
887748295
810608065
680036628
877477868
66596126X
74546842X
662352238
895878224
840972598
76816964X
76817337X
656575069
727464752
67960071X
657407453
778476642
881725099
727572822
767051807
866422935
733460429
890122040
817496637
664249515
755394240
82626087X
826336019
667096914
881609420
730403068
755659953
657441007
853476020
657112747
656575603
822173018
883077353
860531635
732391318
755394011
727574744
767019008
734914423
88924314X
769150780
844106291
767051823
860531147
736597484
715712594
840973497
866423036
730397084
66344814X
73040076X
635047276
668296240
657054577
736440712
778476383
657055050
77847612X
769395589
823196488
723892253
827148577
643010920
833298798
656552956
646453491
843550821
722179545
727625195
768634172
736440291
755280628
730522040
766575780
730401820
687523095
729549712
861765788
756487773
862463289
828676763
788618164
883080907
872934144
826082750
852712081
730403491
668296666
735196125
889243328
663468302
755659864
732392004
732382904
817647627
766264386
73039736X
883095971
726234869
853173664
820564168
668020326
766616789
822171236
741292475
860532704
825948096
798587393
769150624
822170183
663384540
887748503
766437280
732393043
668030526
665963432
881724971
832773328
769150705
85977872X
667994246
883090163
798587350
679599193
852694172
671407309
883082659
732585236
656924187
696793784
732391369
876429800
740794418
657441031
667986766
667096922
732585104
76915056X
857229842
796337721
853171955
766436438
738525855
840972873
766264335
864220154
889243433
766616290
73491458X
876435320
671412051
889498849
671417703
730397262
768169569
817646787
868599190
680025812
859777731
843604751
737940956
732392888
729370720
727464078
889243522
876433395
877477949
853181500
826255205
876431422
766682218
721562086
639465706
76722521X
689477538
852520425
772418594
767106962
633001791
655754210
720914183
735317739
667321284
662817974
68833671X
789079593
728444054
687682185
729176991
834613093
833274163
645194433
656178272
776489860
630993300
63295440X
862463475
815347499
864776756
663860881
726230375
770117716
734103867
725566183
719581109
66820639X
769869408
726352861
742472647
735805644
66447232X
841159440
716095890
625309901
717309924
727575031
657425567
872918130
730396932
656923911
737940700
87291853X
657055654
644991488
727574140
874339642
880223731
882811169
879364521
869725181
893588776
878983805
881938327
893883514
887750745
894262629
886140218
895882515
88004795X
876735588
873625900
881340642
890862338
893434337
89813322X
888816162
881469572
879351233
88535656X
873679059
875846467
869809547
881334642
882063251
883770911
891040528
880490241
873813006
88036520X
873609468
894697374
898753937
889089140
885084268
89603058X
884526321
879250887
88125679X
882923005
891052496
880567643
878774491
896794342
883821621
875120709
668049405
880194707
880543000
890461589
880698993
875989721
872828271
889919755
875136958
878706178
882203002
895618788
874016274
894653040
873589254
884504468
897796098
886149991
877880719
874916135
895248956
894413716
896567303
895464217
87131567X
89469524X
891055401
885353625
891230327
878732020
89262762X
891053174
873615271
895246864
877988382
870038745
875964389
883777681
892991704
894063456
874000890
896158098
881854549
877990948
878732969
891598618
88629083X
882922351
898471737
884528286
892671734
88252657X
873185943
879353902
874863449
894049518
873166426
896371522
876661762
884044823
874225175
877478554
894694715
871953331
898468590
88031317X
883776502
892671424
876739397
887665020
87797053X
887464009
871473925
87809606X
873742184
872478807
878182047
894694162
893601500
897377575
871944766
869756729
894423061
88785530X
886560950
884572323
881327158
873298500
888203306
896513580
89103028X
878103511
895243814
894814230
894230387
87809783X
892654449
894257846
892657286
883578514
873040228
898243688
889107866
871286475
871453819
872847756
874234786
896275345
880293829
89765224X
869812025
883775441
873736311
889274959
877328684
884476316
895882221
890196257
875964710
873592697
874177634
885356810
873750330
894697617
873655516
878843450
87161345X
882033867
894300822
879427396
871295490
882885456
894220942
878198261
1002550874
878770968
871720558
89361291X
887681417
880989173
882035363
873749448
89354308X
876638426
88618228X
871997835
892644222
872612481
894697242
894103040
89856641X
892491329
869804472
88230741X
892791888
873818393
872238415
872713962
878981489
893886270
874013313
88231369X
864739605
867081465
898556198
882147560
873752201
898738377
880713992
895456656
863526829
885354370
890865396
875017045
756693241
873154673
884586472
87145517X
896138690
877887314
891089756
877541302
880313757
871703920
894102125
880222336
880021179
884513149
886929903
874345960
872774562
873302508
877006393
89405399X
877611564
882064363
888815387
883775824
893875376
875111076
887587240
896534928
874333563
893140082
875633668
871630435
892652691
889811008
877644780
874315794
877987564
880205709
889107661
88951058X
891045988
884486982
881440612
890462607
873189078
883885611
874344328
882544268
890197369
890892865
898731844
881000752
646668978
870309773
654421765
870318292
622376012
730277879
864015453
1006106812
1006325964
1005503303
1006105824
873301315
883105896
87246587X
894105507
890256748
897193741
82603893X
864015739
857218689
859781895
799320390
864016093
871622882
874236444
857217798
895127806
895391260
87613584X
883188376
89508922X
893898023
893897590
1002692407
1002297273
1001414519
871969424
770182984
1005036705
897048288
1002226163
1002180007
1000936066
1002255627
882998153
1002898080
1001003322
1001175522
896797481
896990931
88229251X
894107674
890115419
897202651
882242342
897206088
897256204
88895137X
623761505
833485687
859780821
874225760
889498113
88482179X
883880636
896560015
898119545
876580606
897051459
898755573
890513449
890441359
893988502
885533860
894573837
871957728
895584352
864500882
881873837
898374472
872774309
880465875
898567696
890143080
876221169
898703018
898670373
877352119
885177789
873750802
87596494X
891262741
89588559X
881256390
876985703
898746124
1002336007
1000936767
871610728
1002293308
871448831
871446715
896787052
893331651
1001291743
1001412044
889106193
1004916728
871948761
1005511810
888217900
88896238X
885085728
880585064
886292514
880308354
884803163
882986511
882984810
1008763241
1002896967
1010994174
898703158
1006387439
1002691184
1009896059
1011241471
877833818
893343145
101142035X
1012493105
877853673
1006385312
877855250
877734674
1009223704
1006337601
1008674311
879467282
1002293723
882985647
878974253
879477121
879264098
1006031715
1010363271
1002742595
866816828
894301152
1005568634
1001416589
1005147051
1009200011
1011189925
101074528X
1004756704
1001415809
101087134X
1006393412
898740215
88671981X
873746864
872467252
875836127
888205007
88425688X
878194444
875992439
873468325
874005558
892663340
878204822
895581558
1001265203
861263456
899009670
899022618
898737648
1001264533
1000780953
1001435362
1001417844
892470690
896787745
1000056597
101080216X
1010803093
1010801678
1010802801
1006115722
1006387889
1006387617
1010177052
870117998
1000088413
898747724
886034531
1008765171
870118919
1008766224
1006387471
870119567
1001416422
1000474674
100814066X
880706244
879276460
1002742781
88058467X
880584343
882987178
898854830
1002692075
1006111239
1009495321
100274203X
1002742188
1013772849
1011156741
101031114X
1009639846
1009640135
89368760X
893342874
1009639641
1010313800
876459041
862450667
880467924
1006117318
894048864
1011067234
1006109463
1002215099
1010126881
1011128381
898853532
1002188857
1008634867
898738784
1010794272
898417155
1006053190
898416884
1004513712
1010364537
1012662179
1010453181
1010126385
1002248078
881150134
100451509X
1006254161
1010928821
1008628042
1011364204
1006117318
894048864
1009497901
1009498282
1009896660
1005303576
101031002X
1003530567
1005035652
878742379
1001176693
1002744164
1007299223
878954015
1005155968
1005536708
878113851
878953582
1003531768
1024619222
1024621561
1014388589
1012790053
1015536573
1015400108
1024550249
1015793118
1010126695
101278083X
1014389542
1011128381
898853532
1002188857
1008634867
898738784
1010794272
898417155
1006053190
898416884
1004513712
1010364537
1012662179
1010453181
1010126385
1002248078
881150134
876140290
1010465457
1008640107
882706667
886721431
1012251098
1008144517
858195208
876276451
1010842528
1003540988
876174225
880585498
87700840X
880807423
770890776
876277814
100076740X
1004711190
885371089
885363124
885186850
885351258
885100794
885093119
885367138
884869989
885693116
885581482
886024927
898745373
1010801422
1009896660
1005303576
101031002X
1003530567
1005035652
878742379
1001176693
1002744164
1007299223
878954015
1005155968
1005536708
878113851
878953582
1003531768
1008670979
876140290
1022312332
1004718292
78912467X
1009426591
1014318505
1016188323
1024620085
1025130235
818698969
777521180
79688420X
100451509X
1006254161
1010928821
1008628042
1011364204
796877068
886299845
1014485428
886271959
1015148026
886266920
88557639X
886935598
1011800233
886721431
887469140
886178568
887386164
887460186
1014389542
1016567723
1014389909
1017014795
1019340088
1016744390
1016910428
101866811X
1022312332
1004718292
786531738
776727397
81735591X
791514382
