635706067
852464053
766170853
659447584
771764006
657468460
749943165
869374370
630139474
848525671
642368872
737354720
716235552
781907756
748884246
687845025
776832123
716107414
736112375
669869759
75644411X
689536143
831937971
635668270
725336285
746456506
654527792
724283927
837160278
769925847
773798714
730322300
824613031
664668682
781104920
862982588
76983664X
770471048
768261236
738613576
75740135X
845444220
862996139
732460727
73861520X
770788513
865646988
881440515
883884666
879165367
878977325
883845695
897688023
873146417
880040734
874313147
896536777
881460559
884860841
877979766
876602782
76824983X
845444255
769836720
862461189
745141188
879946431
1002876052
1002248833
100224918X
898852641
898965284
898853141
898852439
892499168
100483618X
892638931
882930842
515535362
891951407
891948252
891254927
88293192X
890516774
1005519528
890269378
891954074
1005535418
892642599
892664584
625424522
880794399
880871253
897256557
881001341
896794520
894765094
88237415X
883189631
895256444
895194155
886275792
882924168
89013703X
892624175
89019565X
882931601
882926802
890260710
890210349
882925806
840787677
71598747X
882900595
883190141
894164694
887591930
1003519423
871613107
1005289328
871621746
896991393
871723042
871643782
1002336619
887686672
884540014
1005297282
892621001
89172043X
892666250
718168909
717983064
817148035
825938422
870317806
741504413
870588648
1001285131
1001299760
1001301277
89266018X
894773232
894780778
1001415388
89249719X
898977592
1002226481
1001266234
882987453
89354387X
100288117X
1005516014
886291305
893604569
882985221
894107844
88374659X
897203798
896806073
883733706
100505388X
871736810
872133338
100492089X
871710994
898739063
87213041X
1000997332
871526409
1002248566
871525275
770077854
887681638
887669611
1001422899
895087650
1002773741
1002504074
1002790735
1002779189
896174425
893331902
899010512
898985315
1006325042
871714108
827927193
636342239
870317148
826091695
871695537
893545015
893544043
89038410X
890267413
889789940
889281696
889957940
889244928
89049097X
889301816
89026385X
890486808
890464057
890500894
889237085
890378606
88989910X
889918627
888125445
888118295
886937183
890256306
890252424
869828487
879179600
893136980
864736258
877608679
881252190
873367324
89087056X
87666611X
882354388
893664464
890942072
872009947
881608041
879184078
887362605
895886731
872604284
89469586X
877392218
88252061X
888082282
873449614
894102524
87318713X
877612315
872588823
894695541
878105182
865188998
884369870
880698926
887556671
883904284
873300300
884530051
872845826
89420260X
872481026
875991084
893897221
895879190
889276978
897844580
894574167
877542112
872758788
877887926
871734257
886293006
893422142
888264151
884550672
884248852
89267072X
874184274
890871493
889091021
890192197
881935824
890207100
872768198
873145941
898595576
882225723
880049995
871994844
89524165X
876653999
881460362
879446366
878734368
873760417
878818545
888241704
89457017X
875631053
890462488
878212264
884620654
881462683
884341682
892806117
884864499
898130751
882304380
877887640
879272503
873301862
895885255
871617218
890462240
889274762
896567087
880698322
898754836
877451087
877627142
872135489
898843138
889887659
882169432
880216697
891948694
875023290
895601702
895878348
879183837
883074893
890145008
881465240
897131711
894064401
893915688
882168169
874245311
874247284
89353823X
872465195
878096361
880490543
864742150
893723908
889916284
898198577
881470147
887579086
882294350
894026410
878766936
873037057
877484244
893332100
884615081
893331406
893601837
892930187
869872184
891079033
878971122
876370857
884605604
889207763
896068013
88486104X
882214861
895244381
877610339
663886007
873762398
885333764
883836300
884596826
872773612
875177328
871639785
898724643
1002336880
1008673617
1005569762
1000081745
1001176081
877484988
1001290062
1008936952
1001179501
1006104399
878953035
1010596853
1010312979
1008626481
1010463918
1001933095
1011283662
780304365
893341592
1006338187
897843428
1009650114
1010124277
1005573875
1010449036
1013724593
101378510X
1006031332
1013617703
88480822X
1006254471
1007284994
1003405010
1004514395
1002900875
895579774
1002693551
1010311581
1002218926
100638846X
1002692938
89873942X
1005536902
100142011X
1011283077
101279203X
867872446
1004939612
1002175879
1002216184
1008671746
1005568154
1009896202
100610979X
1006106383
1002530385
1002530334
892906715
1005298912
100289915X
892910666
1006031480
1002879760
1013610113
1002530466
1002530512
1000472841
1008673250
878953868
898496365
878954163
878953744
1002895065
1003369022
1010771078
1000606899
1008765589
898784697
1006107886
898960150
1008764957
1006339078
100863509X
1002882443
877837767
877736677
877826145
1010440829
1002901375
1006362118
1013751108
1013721322
1012167119
895620197
879208015
893422665
895879476
87195687X
884816664
882862081
894418033
871989476
87004009X
886930359
894422103
877966192
893884863
886938554
897849353
871344475
89483990X
894262521
895619660
872762718
880223227
87943368X
877880379
873180615
886184444
889105502
88456827X
889888167
891070524
88929125X
884880745
893973963
896171361
880701250
884031535
881469424
877541930
890217769
872623343
87524582X
884557871
872386724
885180437
881142069
88462501X
897682629
898833736
895580268
894222457
896568393
87638291X
869881949
890777055
896602273
895468085
896144496
875845207
877988048
876600003
876595867
892987758
880366168
894697897
890251657
881237671
894260103
884030504
880464712
896288234
883885816
876723296
883847051
894815067
882560298
891498699
873233034
88268115X
875660649
894260243
869875019
877982015
879402423
873594045
897849671
882065599
893151866
878184481
882362038
871726238
886137993
873217209
898254493
896792129
877642265
873663152
896156907
893421006
888204817
894300202
874959667
886138698
869831119
88236782X
880988711
881858951
876600933
884341593
894811770
881874078
882921037
895512467
892653507
872582108
897181085
882542656
884858278
897844467
84741504X
879912928
879943750
874341175
87937165X
896286703
890470812
885534816
879444797
887733816
885661982
881141631
873212037
880993421
880453907
887459617
877375747
87330392X
896535932
881946737
871944987
886053080
87234469X
883189607
890195854
887691676
897181751
887676448
878737340
885080890
87754168X
884334864
897203364
87494709X
890144656
876372841
883005786
894812696
892661631
884023508
88438263X
884578372
873661621
884333043
882169548
892636033
898722810
879905824
893745790
89848409X
872460096
895028476
885210417
875005519
877355460
875834795
863528341
871284073
886278201
887563902
1003398294
1013751302
1013606981
876138210
876455356
875966608
894697064
894694464
885663586
1010929690
88674217X
1011418819
886306051
886795621
887666914
880490772
892646950
882175424
85820374X
880863005
1008635499
1013751566
1006386335
876650256
880587911
1008623423
876716559
100867138X
876216769
1004505000
882814346
877002274
858201313
87614900X
885661974
880736976
780587766
876308876
1012216098
876366795
877840741
1007217219
1013262824
898739993
1002894298
1013750993
880476885
898746485
881142107
876281536
880815663
1008143243
898747910
101541723X
887563902
885356888
898737850
887471994
887364225
887373917
102399562X
1016591772
1023998629
898417627
1023961326
1024605388
1024003647
1007293926
1007294264
1019338164
898738342
1010442821
1011926326
1014496918
1012166392
1017721777
1017716943
1017720487
1014064767
1017720770
101851841X
1013763432
1018498397
1015788998
1015789579
1015681638
1011797747
1011928191
1010307762
1017878617
1012771016
1016040113
1012765458
1015398847
1010312456
1011364522
898737850
887471994
887364225
886617901
886671876
885661974
887376592
886162424
887373917
1022177362
1022176641
1022181149
1011926326
1007293926
799347620
780708644
792737113
795354053
788065351
817356347
791649830
102469304X
1024627780
1024701379
796899045
1024857816
1024795365
796897794
788480251
788253638
816935653
793148189
788451782
788297163
791545849
788430424
776500929
788281593
798979925
792723163
1005251045
780700694
788924885
788922602
776820338
799248673
799154474
796234426
788990721
793150531
79900524X
788923099
787944211
799347620
799000671
789098512
799347221
777523590
799184640
818699418
799020672
1027774938
101970294X
1029219494
776499858
780614682
799157775
797143041
799256595
818567317
887666914
880490772
892646950
101406483X
1013229819
1004875940
676500706
1002342945
1012230368
1011246600
1014333296
1015788726
1013229525
1015663559
1015794106
1015794726
1017805369
799256595
818567317
817319743
789124319
788092588
780609727
780614682
1022181858
1022182412
1022180509
1019704020
1016047363
885092295
884856836
1017804850
766347346
1017746923
791649830
79624586X
798967803
818660147
776499858
1004722079
788091115
792627024
796899045
789097443
796897794
788253638
1020621710
1020621028
79160344X
796898596
776732641
78893970X
818578955
774238038
1023550180
1017804850
799000671
789098512
1017746923
1019334282
1016543336
1027064167
1024721256
102706373X
1004842309
1004842724
1004841973
788361732
818699418
799020672
788431226
885090195
1028972202
1024712974
788922602
799157775
1016047363
885092295
884856836
766347346
885090195
1007284501
1022181858
1022182412
1022180509
1009501690
1009502069
1024355020
1022452835
799248673
799154474
796234426
795354053
793150531
79900524X
788923099
817356347
1030255962
1012156710
101970294X
1029219494
1029361428
1019702699
799126292
102991074X
1029478856
1029479976
1019424605
1018616616
1016577427
1023392488
1020556935
1016519451
1016519117
1029325804
1020013591
1015802966
1016575920
1024711552
1028167938
1029325375
1015595545
1016364547
1016517246
1020776056
1024770087
102339300X
1016516134
1024721256
1027064167
102706373X
1019424230
1016318057
1015802966
1016575920
1023392488
1020556935
1016519451
1016519117
1016516134
1028167709
1027898327
1025202988
1024330656
1016517246
1025143523
1016516509
1024770303
101934721X
1030541256
101651770X
1016516940
1016518129
1016518676
830345396
840217412
666380287
733459889
718181018
774036427
774636564
773569898
833292455
814437095
670101044
634267701
797239626
643813241
715987100
642361096
776962930
725575646
729578992
641610580
865855781
742716872
684440520
834002485
655489592
826226760
722012098
73839209X
820033634
845372653
718168488
821952870
735587817
752403575
779867130
660703483
869232282
